3983 0 6 8 9 16 23 24 29 55 56 67 68 75 77 102 106 118 123 140 159 161 163 165 182 189 199 207 241
2728 0 6 8 14 55 75 106 113 134 137 139 142 143 152 156 173 180 200 525
1030 0 9 17 25 27 28 62 66 71 100 118 119 134
4663 1 27 46 79 139 187 210
4640 1 62
4548 1 27 38 76 95 139
4612 1 7 27 28 62 65 66 71 73 79 471 592
1428 1 3 66 71 74 139 187 221 227 292 367 508 548 557 559 582
4699 1 66
4444 1 35 50 57 62 100 110 299
1483 1 50 62 65 66 220 564
1397 1 3 7 9 18 24 25 27 39 41 48 49 53 57 58 66 76 79 101 104 132 134 140 142 146 155 156 159 161 165 166 167 171 172 180 183 191 197 200 205 252 255 305 333 336 353 357 377 393 479 480 491 525 528 545 552 553 567 574 615 648 652 691
1371 1 57 62 66
4299 1 14 28 62 64 65 82 110 139 187
4288 1 62 163
1530 1 7 27 28 57
1617 1 66 105
1610 1 14
1569 1 2 11 22 25 35 104 142 150 155 163 167 177 179 189 315 369 388 401 405 408 492 511 517 564
1822 1 9 55 62 79 99 139 166 403
1791 1 14 66 71 99 103
3784 1 16 27 28 62 65
3672 1 3 27 28 51 57 60 62 65 66 99 105 115 130 139 152 177 212 242 315 363 388 403 457
3706 1 27 62 163 401
1865 1 57 95 139
4463 1 9 13 16 18 20 21 27 34 39 40 43 46 48 50 57 75 139 152 256
1932 1 27 57 118
3844 1 57
3941 1 3 51 57 96 100 104 110 124 137 142 143 151 152 163 179
3884 1 57 73
1980 1 14 19 38 45 130 131
1971 1 62 65
3544 1 27 28
3299 1 6 9 10 16 26 28 29 33 38 40 44 50 54 72 75 82 95 96 106 115 117 123 124 128 138 145 149 152 158 164 165 171 172 173 187 191
3361 1 57
3357 1 4 7 10 17 23 24 102 122 142 143 151 159 200 205 245
2108 1 57 62 65 187
3487 1 27 57 97 99 233
3069 1 2 3 12 27 28 60 62 71 76 95 99 102 115 122 187 189 221 366
3098 1 7 57 62 65 71 82
2874 1 7 43 51 62 76 95 99 155
3342 1 28 42 48 62 65 95
2856 1 27 35 57 62 66 71 82 99
2851 1 14 25 62 82 95 99 139 151 165 240 338 524 559
2727 1 14 48 50 57 62 65 66 82
2723 1 27 28 35 38 39 40 43 51 57 62 65 66 99 115 123 152 187 221 280 388
2929 1 16 27 28 57 62 65 66 72 76 82 99 177
2666 1 14 24
1103 1 27 28 50 57 62 64 65 66 80 212
1098 1 14 57
1079 1 27 28 43 50 57 62 64 65 66 71 82 99 100 103 152 212 233 266 508
1128 1 3 7 14 27 41 57 66 80 103 105 152 191 242 388
2529 1 14 18 23 27 35 41 49 57 62 65 66 70 71 76 79 82 99 107 115 125 139 152 200 223 251 298 355 485 610 638
2409 1 3 4 5 6 7 8 9 14 16 17 18 19 23 24 34 37 40 48 52 55 56 57 58 62 63 74 77 96 97 100 118 142 177
2358 1 7 14 23 27 39 40 45 48 49 74 115 134 168 185 205
2362 1 2 14 57 58 82 97 139 152 184 185 246 337 465 484
2265 1 23 27 43 57 62 73 95 99 163 216 401 403 564
2262 1 14
1232 1 8 9 14 43 48 50 57 62 64 65 66 71 82 100 105 112 120 124 125 128 130 139 152 177 189 220 231 233 245 369 400 408 529 564 640
1221 1 3 8 10 13 19 27 156 177 200 252 340 385 400 640 683
946 1 14 43 49 71 102
746 1 12 27 28 34 38 51 66 102
876 1 23 30 32 38 40 46 47 48 51 57 58 70 71 73 74 76 90 92 95 102 116 117 122 129 130 139 152 175 193 201 212 220 224 578 601 624 638 654 705
961 1 19 82 102 200 469
792 1 44 57 102 115
718 1 2 3 49 51 60 62 66 95 99 100 115 216 564
599 1 3 9 27 30 38 41 43 57 60 62 73 77 95 115 165 180 187 192 221 280 315 400
492 1 242 400 481
460 1 9 35 77 102 233 288 388 400
475 1 82 102 233 267 400 408
316 1 178 216 564
369 1 3 23 57 69 81 94 95 99 122 139 179 182 190 194 211 249 400 484 564 609
144 1 40 41 43 44 45 47 48 51 102 256 400
150 1 3 9 27 49 51 62 65 66 71 82 99 400
216 1 12 27 41 49 55 62 66 71 99 187 199 216 400 404 564
252 1 14 62 65 66 73 76 82 99 102 163 233 564 674
164 1 57 82 95 99 125 139 400
133 1 7 22 66 110 130 154 201 251 336 400 405 600
107 1 19 20 27 28 38 45 47 48 51 62 65 71 82 99 110 124 129 177 227 233 256 327 400 482 508
60 1 6 7 8 12 14 19 24 27 35 37 48 50 62 63 71 82 99 100 102 105 110 132 177 220 233 242 315 355 388 399 400 482 536
88 1 14 19 41 57 62 66 73 82 118 152 163 400 482 560 689
70 1 27 57 58 63 73 152 173 280 298 399 400 620
1635 2 57 139 149 185 484
1983 2 27 28 29 43 57 62 66 72 76 82 95 99 105 156 211 242 262
3048 2 7 8 14 27 29 43 66 105 117 143
2440 2 3 6 7 10 11 12 14 17 18 19 20 21 22 23 24 25 26 30 31 32 37 38 41 42 45 46 48 49 50 52 53 55 63 64 68 69 74 96 102 105 108 110 113 116 119 120 125 126 127 128 129 130 131 133 141 150 155 159 164 176 177 181 187 194 197 199 200 201 202 203 204 218 220
2439 2 14 23 36 41 48 49 62 65 66 82 92 99 134 177 178 179 186
1007 2 24 51 57 103 105 246 298 299 564
434 2 14 27 28 29 55 57 58 62 65 66 82 97 99 105 110 134 139 152 168 171 177 242 298 299 353 355 397 471 484 486 564 582
276 2 7 9 24 27 28 29 48 57 62 65 66 71 76 96 99 102 115 139 142 150 187 191 215 221 227 233 266 299 485 559 564
234 2 60 115 280 315 463 564
4351 3 14 27 40 44 57 71 82
1589 3 27 139
4358 3 51 62 65 66 71 82 95 99 102 155 220 400 564 644
2787 3 14 49
2482 3 7 12 26 38 41 48 102 130 178 189 256 466
2689 3 28 39 41 57 62 65 72 76 131 146 187 457
678 3 4 7 8 16 23 25 27 57 62 65 102 106 135 136 138 163 173 197 233 243 374 400 482 500 536 598
615 3 14 22 23 41 102 110 118 253 298 327 400 408 545
1258 4 14 106 118 136 173 197
4591 4 7 57 135 139 168 173 197
4411 4 27 139 142
3774 4 7 8 16 27 58 63 152 155 182 189
3639 4 7 10 14 57 62 65 155 163
3958 4 7 12 16 23 25 27 29 48 49 52 62 65 79 102 106 138 142 149 158 164 166 178 189 203 545
3910 4 7 9 14 19 21 23 24 25 29 41 49 58 66 75 96 118 119 135 139 149 151 152 175 192 197 205 216 479 550
3851 4 17 57 62 156 224
2033 4 57 66 110
2009 4 7 9 25 27 51 57 99 163 180 355 373 393 401 404 425 484 486 617
3250 4 7 9 23 24 25 29 32 42 50 55 56 74 80 82 90 101 102 106 110 118 122 134 142 151 152 153 155 156 163 165 168 183 185 189 200 246
2857 4 7 8 11 14 29 106 118 136 139 142 150 152 155 171 200 233 274
2435 4 8 22 67 102 144 156 164 166 189 229 356 491 507 597
985 4 9 14 16 19 57 62 65 66 82 105 135 165 173
2066 4 102 117 123 136 139 156 164
943 4 7 9 35 50 54 102 118 134 137 151 163 179 181 219 229 232 243 267 473 574
928 4 12 29 46 48 57 62 65 77 92 99 101 117 226 363 369 564
839 4 45 80 131 168 216 400
622 4 8 9 14 16 19 22 24 25 26 29 35 39 46 48 50 51 57 59 62 63 71 79 95 100 101 102 103 110 132 134 139 152 163 170 173 200 201 267 336 353 400 404 408 481 493 497 525 528 574
488 4 134 400 457 564
493 4 7 8 23 24 27 39 62 65 66 99 119 142 149 155 180 299 340 355 367 388 393 403 404 469 483 517 548 549 556 564 600 601
525 4 7 8 11 13 19 22 23 24 35 37 39 45 50 66 75 77 80 95 102 103 104 113 116 117 118 119 125 133 139 142 144 148 156 158 163 165 166 168 183 187 189 193 196 201 202 220 230 231 241 243 245 249 267 336 385 400 414 447 473 500 574 616 654
476 4 8 16 25 27 35 43 44 49 50 57 62 66 71 73 82 136 144 152 156 171 173 233 280 556 564 620
496 4 12 16 21 23 25 27 28 30 36 38 39 45 47 49 60 62 76 79 82 88 99 106 115 129 136 158 163 165 173 192 197 247 258 259 315 337 351 390 414 456 464 465 493 497 549 564 600
461 4 9 16 23 24 39 47 48 51 57 58 71 73 82 122 139 224 233 254 299 400 484 523
322 4 6 7 8 9 13 14 16 17 19 20 21 22 23 24 25 27 28 29 34 37 39 40 43 44 45 48 49 50 51 53 56 57 61 62 63 65 67 68 71 75 79 82 95 96 97 98 99 101 106 117 123 128 134 135 136 138 139 141 142 143 149 151 152 155 156 158 163 164 166 170 171 173 179 180 182 183 189 197 198 199 200 201 216 217 218 224 229 230 236 239 243 245 248 252 256 267 400 404 425 549 600 628 691
306 4 16 45 62 65 66 75 103 136 425 556 564
301 4 95 139 400
223 4 7 8 9 12 14 27 39 41 48 51 57 62 64 65 66 70 73 82 102 139 142 148 192 227 267 298 367 457 564
263 4 47 71 73 137 272 430 432 564
142 4 8 14 27 71 82 103 138 145 149 400
46 4 22 23 25 37 57 63 66 73 177 183 336 388 400 408 482 568
1713 5 7 9 14 22 23 75 82 105 156 242
1086 5 24 27 28 62 65 66 242 315 480 564
1484 6 19 27 39 40 41 45
1385 6 9 14 62 100 139 152
4295 6 27 50 57 71 102 106 191 299 457
4178 6 7 25 27 57 62 65 66 99 105 134 135 139 151 164 180 233 242 315 393 457 528
1870 6 9 54 58 62 80 137
3798 6 49 66 119 135 139 186 216 579
4359 6 57 163 177
3194 6 99 441 449 525
2749 6 27 28 57 62 65
3020 6 16 23 42 45 72 75 79 102 119 123 136 138 164 183 191 194 640
2640 6 7 14 16 22 57 106 136 151 152 155 164 168
1102 6 7 14 22 29 106 109 119 142 151 155 171 477 483 517
2527 6 8 11 23 80 102 134 149 152 180 189
1054 6 14 20 25 41 62 64 66 82 122 131 134 137 150 166 168 183 233 235
2413 6 7 14 37 53 58 62 139 165
2163 6 564
1193 6 9 12 14 19 21 23 24 27 28 30 36 37 38 39 40 41 43 44 45 47 48 49 51 55 57 61 62 65 66 70 71 72 73 76 79 82 88 90 92 95 99 102 104 105 107 108 110 112 122 124 126 130 131 132 136 142 152 163 164 166 168 172 177 178 185 186 189 192 195 197 200 202 203 204 209 211 216 224 233 242 246 278 288 298 299 355 359 363 374 393 397 399 401 403 404 408 425 457 482 501 536 546 564 638 680 702
823 6 27 102 110
1200 6 102
1208 6 16 23 43 44 62 102 119 136 158 299
1008 6 14 22 24 62 66 71 82 95 97 102 103 105 132 165 171 177 179 195 200 220
788 6 7 9 14 21 23 66 102 139 142 199
710 6 12 43 44 45 51 57 62 88 163 564
732 6 7 11 16 22 23 30 38 42 49 57 62 65 82 87 96 118 155 177 249 299 564 574
607 6 27 39 44 47 51 57 62 65 66 71 99 142 155 171 212 315 457 462 556 557 560 564
524 6 22 23 68 82 95 115 118 131 229 243 245 298 359 362 366 375 387 400 408 420 524 527 546 600
312 6 7 8 9 11 14 22 23 24 25 27 29 39 40 43 44 47 49 51 57 62 66 71 76 86 99 116 118 123 132 134 139 142 147 148 149 152 155 163 174 177 185 201 223 224 225 233 245 246 249 298 299 399 400 408 523 556 654
182 6 362 400
1317 7 27 139
4551 7 57 82 142 298
1253 7 27
4715 7 28 49 57 62 66 82 130 142 151 152 457
4502 7 13 24 25 29 66 80 104 134 150 197 361 447 524 527 553 621
1439 7 99 367
1427 7 16 27 62 95 99
4590 7 11 16 23 51 57 66 99 100
4473 7 27 39 41 79 99 150 151 476
4471 7 99 178 278 293 355 574 689
1422 7 22 50 66
4341 7 27 28 57 62 118 151 165 351 393
1475 7 22 27 57 62 66 82 97 99 139 173 180 189
4419 7 27 28 62 65 66 151
1361 7 12 30 38 47 50 62 65 73
4373 7 27 233 552
1543 7 22 27 53 139 197
1538 7 99
1533 7 14 66
4275 7 9 22 24 57 62 66 75 76 99 100 102 105 109 139 142 152 156 171 180 183 189 201 233
1504 7 24 57 99 134 139 361 367 430 480 574
1597 7 23 62 97 139 142 150 168 191 390 404 484
1594 7 27 57 58 142 175 183
1841 7 62
1771 7 27 88 108
4214 7 29 57 139 155 163 171 189 208 401 460
4209 7 8 9 36 48 49 66 99
4088 7 24 99
4079 7 27 28 51 57 62 66 72 76 139 152 425 558 564 574
4023 7 8 9 11 14 16 22 23 27 31 39 43 53 55 57 58 61 62 65 69 71 74 79 81 83 86 88 93 94 95 97 101 102 104 106 108 110 116 117 118 119 124 131 134 138 139 142 143 150 151 152 153 156 158 159 163 166 179 180 182 183 185 190 191 194 197 205 219 220 226 233 262 287 294 315 336 361 367 388 404 476 478 485 511 525 552 574 577 592 600
1721 7 12 22 62 65 117 134 189
3758 7 66 80 82 99 105 118 142 173 233
3743 7 40 49 57 62 92 216
3988 7 27
3986 7 23 25 27 29 42 49 80 118 124 130 156 158 186 197 202 215 357 401 404
3729 7 27
3722 7 27 62 123 137 142 152 155 156 166 243
3813 7 8 22 35 57 118 150 151 408
3799 7 12 27 41 45 57 123 142 175
3702 7 43 62 65 66 71
3698 7 8 13 24 27 48 55 62 78 99 574
3933 7 22 57
3929 7 12 27
3972 7 102 151
3908 7 14 24
3904 7 28
3897 7 24 57 97 163
3882 7 14 23 27 29 66 82 100 103 106 117 122 135 139 156 171 242 477 513 628
3587 7 8 99 165 200 469
3859 7 8 25 35 50 56 57 62 97 141 149 151 236
3577 7 12 22 38 62 66 76 168
3545 7 57 105
3313 7 62 71 99 177 369 552 574
3213 7 49 50 57 62 66 99 189 220
3282 7 27 62 99
2143 7 27 57 88 173 552 557
2138 7 62 66 242
2122 7 57
4554 7 40 49 57 192
3454 7 57 80 362
3506 7 27 99
3488 7 14 57 75 95 99 109 150 155
3084 7 24 29 57 58 151 152 155 163 249
3076 7 41 66 139 192
3449 7 9 14 19 20 21 32 34 39 40 45 48 51 61 66 71 142
3444 7 14 24 28 43 47 50 51 57 62 64 65 66 71 73 82 110 139 180 220 233 508 551
2846 7 27 62 65 66 71 299
2892 7 19 20 24 45 99 142 144 171 355 393
2833 7 14 38 62 66 76 79 82 99 242 462
3176 7 102 139
3164 7 14 25
3937 7 37 102 130
3936 7 27 28 79 131 152
2385 7 20 22 27 34 39 40 41 43 44 46 51 58 62 65 66 99 142 151 183 186 192 200 233
2971 7 8 11 14 19 24 25 40 62 66 71 82 99 105 135 145 147 156 157 162 164 168 173 180 189 197 211 233 245 299 340 399 543 590
2600 7 27 28 62 65 66 122 134 195
2931 7 14 191
3677 7 19 24 27 45 49 54 79 139 180 200 216 219 400
2956 7 43 62 65 66 72 76 197
2954 7 27 62 65 66 99
2920 7 9 27 50 57 62 65 66 82 99 100 105 110 115 142 149 155 164 168 178 183 227 242 266 272 298
2910 7 14
2569 7 14 27 43 51 57 62 65 66 139
2982 7 27 28 49 62 65 99 163 216 353 401 404 462 525
2684 7 8 9 34 35 39 40 44 45 82 102 125 156
2797 7 14
1067 7 14 39 43 50 51 66
2643 7 14 20 41 49 106 142
2825 7 14 17 50 66 105
2507 7 27 28 57 62 65 66
2695 7 9 14 29 45 51 57 66 71 106 139 151 163
3093 7 9 14 24 27 41 49 62 74 79 99 115 125 139 152 166 180 195 203 204 233 251 298 374 393 400 417 501 615
2457 7 27 28 554 555 558 654
1077 7 14 62 65 66 216
2452 7 57 102
2522 7 14 139 192
2537 7 28 72 76 118
2535 7 14 149
1058 7 14
2387 7 12 22 55 57 75 102 119 137 138 139 149 152 156 175 182 183 197 207 224 249 562 585
2320 7 17 23 37 67 80 95 96 102 131 139 141 151 164
2349 7 11 139 173 197 388 564
2279 7 35 50 100 110 119 205 388 564
2321 7 14 57 62 65 66 73 103 139
2245 7 14 29 57 79 139 149
2285 7 14 57 58 71 97 105
2217 7 14 76
2214 7 14 27 48 57 62 110 124 183
2154 7 43 47 51 400 552 556 557 564
2153 7 102
2206 7 14 47 50 66 100 102 103 105 110 118 177 220 227
2098 7 14 20 49 52 57 102 165 168 189 195 202
1160 7 57 74 100 217 388 400 482 484 486
2309 7 50 57 71 100 102 124 134 152 179 212
817 7 8 27 48 62 65 66 71 92 95 99 102 134 151 192 508 564
812 7 9 13 14 19 22 24 35 39 40 45 50 57 58 66 71 72 76 99 100 102 105 125 131 132 134 137 139 150 152 166 168 179 188 189 200 205 245 252 254 336 485 553 574 620
1249 7 9 14 45 62 66 82 102 105 220 246 482
1244 7 56 106 280 564
1219 7 27 49 62 71 142 216 564
858 7 21 22 48 102 117 139 197 255 574
1186 7 9 35 37 45 74 102 136 142 155 168 191 463
925 7 43 50 57 66 82 99 100 110 139 564
941 7 27 35 50 57 62 65 66 82 95 99 100 105 110 130 179 233 400 482 564
637 7 12 26 57 79 102 139 151 168
639 7 8 14 26 27 29 45 46 62 66 79 102 106 117 134 139 142 151 155 158 298
649 7 102 139
932 7 62 66 99 102 103 139 689
831 7 41 102 130 135 139 216
850 7 57 58 75 79 82 102 125
798 7 66 102 103 110
780 7 16 27 29 47 51 57 62 102 142 163 365
735 7 14 20 22 28 57 62 65 66 73 82 102 105 142 457
711 7 14 20 25 27 28 29 43 48 49 51 57 62 66 72 73 76 82 95 99 110 120 130 131 132 139 152 156 168 187 195 200 202 212 233 242 298 393 400 689
655 7 27 564
609 7 12 22 24 26 79 100 177 256 388 400
451 7 27 28 35 47 51 57 99 102 134 139 179 315 355 363 388 393 397 463 528 536 564 670 689
595 7 63 67 400
592 7 62 95 102 212 267 400 564
588 7 8 9 19 22 35 37 50 53 54 57 58 59 62 71 72 79 82 98 110 120 124 133 137 144 146 150 151 157 158 160 166 168 171 177 183 189 194 195 200 205 211 231 232 262 267 298 317 369 372 400 408 482 489 533 541 568 621 644 668
560 7 110 233 564
500 7 82 152 168 400
453 7 8 22 24 25 27 28 34 37 53 58 62 65 82 99 104 134 137 146 179 183 189 205 217 233 267 280 298 336 388 397 400 405 435 469 473 484 496 498 520 525 568 581 592
404 7 151 233 315 327 372 388 462 463 556 557 560 564 594
359 7 8 12 27 30 35 38 48 71 99 102 110 118 124 145 151 177 179 212 280 400 524
318 7 27 62 65 315 564
307 7 62 78 82 139 336 399 484 564
251 7 9 14 49 70 155 211 362 399 400 422 479
259 7 57 62 65 82 99 100 110 122 139 165 195 233 278 315 327 564
148 7 16 27 105 564
233 7 14 57 102 151 400 564
227 7 27 28 51 62 65 66 131 139 564
212 7 9 57 62 102 400
116 7 27 28 43 57 62 65 66 75 82 163 164 229 233 280 298 367 388 400 469 482 606 696
137 7 14 27 28 57 62 65 80 82 97 189 400
115 7 12 14 31 35 64 71 82 100 102 105 110 125 132 170 177 197 202 211 219 233 242 278 400 490
102 7 57 62 75 139 151 152 156 177 183 280 400 564
51 7 24 62 299 400
29 7 24 168 172 400 583 634
21 7 14 57 65 66 73 76 103 131 195 315 400
4 7 139 249 400
4659 8 9 46 57 138 149 480
4627 8 27 97 109 143 156 157 205 473 533
4546 8 62 65 73 139 401 484
4584 8 57 66 82 139 142 151 163
4385 8 9 22 24 25 57 63 95 106 138 139 142 149 150 152 165 166 233
4140 8 9 24 62 66 100 105 110 120 195 206 327
4077 8 24 62
1799 8 27
3785 8 27 62 65 66 97 99 135 143 144 156 164 177 183
4003 8 25 29 48 62 97 168 189 312 336 573 574 598 600 642
3720 8 9 14 19 23 24 27 28 156
3570 8 57 64
3091 8 14 23 25 27 28 39 47 48 49 51 53 57 62 82 99 118 163 189 233
2579 8 14 99 135 139 152 155 156 180 197 447 483
2782 8 14 20 21 24 27 28 38 40 45 48 51 57 62 66 82 92 99 102 131 192 195 212 242 246
2467 8 27 28 38 43
1127 8 11 22 24 25 96 139 171 189 400
2347 8 14 57 62 66 266
2352 8 14 27 41 57 66 80 100 110 123 139 141 152 493
2314 8 14 22 25 137 197
2242 8 14 65 82 163
1196 8 9 25 27 28 29 102 197
1182 8 564
1162 8 14 23 28 35 48 50 55 57 58 62 64 65 66 72 73 76 99 100 102 106 110 118 124 130 134 139 170 179 200 212 249 252 280 400 462 464 553 564
942 8 37 62 65 71 77 101 150 173 190 192 197 233 298 315 400 403 497 638 702
745 8 25 27 28 50 57 66 100 102 110 139 163 195
800 8 11 14 23 24 26 27 57 62 65 79 99 101 104 105 108 124 125 139 168 172 173 185 189 192 200 233 242 243 246 272 288 299 367 382 387 400 408 428 482 484 496 559 626
737 8 9 10 14 17 24 27 28 29 30 51 62 71 75 76 95 97 110 117 130 134 139 150 165 178 179 189 220 241 242 304 313 353 389 399 511 517 525 551 557 564 628 643 691
586 8 14 24 27 57 62 73 79 80 139 552 564
695 8 9 16 144 153 185 233 317 336 340 341 368 374 399 400 403 451 462 558 560
506 8 23 24 27 44 50 51 55 57 62 65 99 130 135 139 142 152 180 199 233 556 564 702
181 8 12 19 99 122 139 163 400 401
37 8 66 298 400
28 8 9 12 17 30 43 48 79 95 150 152 155 156 170 171 192 400 403
1333 9 27 189
4483 9 57 122 139 249 356 479 480 621
1639 9 66 97 142 241 615
1369 9 27 51 57 71 142 173 491
4381 9 14 27 28 55 62 65 82
4370 9 16 19 62 109 142 145 156 173 177 189 315 517 566 567 643
4285 9 24 62 100 110 191 243 248 634
1628 9 27 62
1580 9 66
1743 9 14
4091 9 62 71 122 139 242 484
4018 9 14 24 97 139 150 163 181 189 197 205 208 401 484 495
3763 9 27 118 557
3637 9 66 155 168
3692 9 27 170 206 393
4454 9 57
3911 9 57
1913 9 17 27 39 40 57 58 142 164 342 507 566 567
1910 9 21 24 39 57 400
3892 9 57 163
2042 9 14 75 96 99 156 163 189
3856 9 27 57 82 205 211
2025 9 16 24 99
2023 9 14 31 61 79 83 88 95 108 127 142 164 197 525
3321 9 14 27 57 105
3243 9 14 55 56 66 73 99 163
3293 9 57
3287 9 57
3211 9 58 99
3607 9 14
3264 9 25 27 62 66 71 82 134 142 179
3154 9 14 49 102 105 195
3151 9 25 57 66 82 105 131 192 195 288 501
3116 9 14 28 62 66 82 103
3344 9 57 62 66 99
2975 9 14 22 24 118 124 139 149
2653 9 14 18 22 27 30 40 44 49 50 62 65 66 102 105 130 139 142 155 168 170 173 177 186 189 191 192 195 199 200 227 232 233 250 388 525 545 557
2798 9 14 166
2751 9 11 27 28 34 36 39 43 49 51 57 58 65 79 118 134 173
2506 9 14
2485 9 14 22 139 243
2475 9 14 191 220
2458 9 24 27 28 50 62 65 66 73 76 142
2371 9 14 57 62 66 99
2354 9 20 57 72 76 99 102
2318 9 51 62 102 482
2422 9 50 58 102
2052 9 102
1245 9 27 47 65 139 163 189 249 400
2055 9 27 43 62 82 100 137 266 298 315 463 482 564 591 680
1197 9 23 30 55 57 62 102 139 165 205
1116 9 24 50 73 97 102 125 134
969 9 14 17 24 27 49 51 62 65 99 102 130 141 158
997 9 21 22 34 44 49 102 122 124 130 200 205 536
954 9 14 21 24 27 57 76 79 82 102 105 110 177 220 233 384
707 9 27 28 57 62 66 298 556 564 702
911 9 17 97 102 180 191 520
676 9 24 47 51 100 102 137 139 220 242 254 298 315 425 469 513 525 553 556 564 574 583 592 702
611 9 24 27 28 57 70 82 86 90 99 102 122 139 165 233 242 246 278 280 288 298 315 351 355 374 393 397 400 480 482 484 486 517 536 548 552 554 555 558 559 600 628 654 696 702
468 9 62 65 66 82 96 99 163 177 400
446 9 14 25 27 43 57 62 65 66 74 75 82 99 100 102 103 109 119 139 142 155 161 163 165 166 191 205 215 220 230 242 262 268 299 400 415 422 481 702
443 9 27 28 43 47 50 51 55 57 62 65 66 71 139 142 152 336 363 564
428 9 25 122 143 159 173 315 388 494 564
208 9 35 62 448 525 553 557 564 566
241 9 139 152 400 485
90 9 51 62 65 82 96 102 143 296 299 357 365 374 400 529 598 669
81 9 22 25 39 40 50 57 62 66 99 110 124 142 159 165 177 179 233 272 298 374 388 399 400 482 603
86 9 22 43 62 105 216 400
18 9 19 39 51 57 62 65 66 82 99 142 233 400
4565 10 14 96
3635 10 66
3693 10 57 124 150 567
1016 10 40 48 49 50 57 62 71 92 165 192 242 256 257 404 548 549 557 559 564
1301 11 62 156 168
4638 11 66 109 119 126 168 185 189 191 248 265
4572 11 27 139 142 149 173
1607 11 27
1548 11 25 29 62 71 96 102 123 150 155 199 355
4458 11 12 14 26 27 106 139 150 152 177 199 203
3690 11 57
3956 11 14 35
3876 11 57 96
1958 11 17 27 28 39 57 62 65 76 79 99 115 117 134 163 179 180 393
3240 11 14 23 189
3112 11 14 39 40 43 48 51
3384 11 27 39 62 99 163 208 232 393 401 574
2848 11 14 24 57 62 76 118
2592 11 19 22 39 47 50 80 99 118 154 168 179 298 355 389 482 538 556 564 689
1129 11 14 75 96 106 155
2049 11 57 80 102 152
1342 11 14 19 23 99 102 120 139 150 171 173 189 217 232 253 261 292 408 600 615
801 11 12 27 28 46 48 66 80 99 100 102 110 135 170 200 267 393 417 473
457 11 34 42 46 131 168 203 204 399 400 416 417 501 573 691
192 11 14 22 50 55 57 64 66 82 96 99 102 105 165 179 220 260 482 564 689 702
247 11 27 155 483 564
48 11 27 39 40 42 43 47 48 51 55 63 71 82 102 116 201 220 234 280 400 425 513
1315 12 62
1311 12 49 62 65 216
1296 12 20 26 41 42 52 55 62 80 82 99 102 110 131 170 288
1291 12 27 393
1280 12 14 35 52 57 242
1269 12 27 152 189 249 534
4529 12 24 27 47 99 139
4604 12 38 62
1447 12 14
4485 12 58 99 122 139
1491 12 57 220 272
4342 12 27 62 99
4418 12 14 27
1531 12 27 62 99
1510 12 19 24 41 45 66 82 108 109 117 460 467 476 569 574
1596 12 27 28 62 76 99
4163 12 27 45 48 95 306
4239 12 21 23 24 31 32 38 48 57 66 69 80 82 83 88 92 99 102 103 105 110 111 158 175 179 201 222 233 242 246 250 400 513 525 564 674
1769 12 27 28 76 79 108 177
1767 12 26 27 45 57
1758 12 20 27 39 40 43 48 57 62 66 70 71 77 82 95 99 103 105 116 121 125 163 174 188 192 195 201 223 224 227 242 249 256 299 360 393 401 462 508 523 654 680
3975 12 57 99
3641 12 99
3701 12 46 57
1899 12 18 28 41
2019 12 57 256
1974 12 27 99 399 552
1973 12 19 39 40 48 61 62 76 99 163 466
3579 12 57 80
3280 12 14 45 79 80 99 185 233
3253 12 27 28 38 52 62 80 131
4553 12 62 63 564
4688 12 57
3508 12 41 57 142 545
3041 12 88 99
3401 12 14 62 64 65
2992 12 19 28 43 45 65 152
2606 12 14 27 43 62 66 72 73 76 99 102 136 139 179 242
1038 12 27 28 45 62 65 66 72 76 192 195 204
1104 12 14 19 21 27 30 37 38 49 57 62 66 71 73 95
1075 12 24 25 27 35 57 82 99 102 105 201 315 388
1137 12 19 27 30 38 57 79 102 195 224 545
1031 12 14 25 32 50 52 53 59 61 62 63 64 65 66 69 82 83 88 99 100 102 110 117 124 125 128 130 131 132 134 158 159 170 172 189 194 195 200 209 211 212 220 226 227 230 231 233 241 253 256 262 267 272 278 287 294 301 313 382 384 400 462 513 564 680
2521 12 14 19 27 39 40 44 45 57 71 79 220 482
2398 12 14 27 38 62 66 71 72 73 76 102 189 233
2365 12 27 28 65
2209 12 19 20 22 47 48 49 51 53 57 66 71 80 118 120 123 125 139 142 155 187 189 195 200 220 256 263 425 564
2158 12 57 102 142
1113 12 14 27 45 105 299 465
2081 12 27 28 57 62 72 76 102 103 115
2061 12 46 57 102 117 137 177
2076 12 19 30 57 58 62 65 66 102 115 139 400 536 600
1660 12 52 54 400
1168 12 102
940 12 102
939 12 57 62 400 460
1019 12 46 102 135
1004 12 48 50 58 64 66 110 124 134 137 177 197 233 246 298 299 369 409 553 564 696
996 12 27 30 42 47 49 72 80 216 393 403 425 556 558 564 591
929 12 57 62 102
920 12 29 42 48 57 62 65 66 80 82 100 102 139 195 216 227 242 262 299 513
900 12 20 27 49 57 62 102
897 12 30 80 564 636
749 12 62 102
768 12 30 51 102
771 12 61 62 400
540 12 99 233 482 564
807 12 14 27 38 41 42 49 57 80 102 131 139 192 195
784 12 27 28 57 62 65 99 102
723 12 79 80 102
630 12 14 30 38 39 41 42 62 66 80 82 99 103 131 152 195 220 233 242 280 400 484 501 564
626 12 30 80 564 636
558 12 224 564
485 12 40 47 57 62 65 92 105 315 361 482 564
442 12 48 49 142 517 564
416 12 14 19 26 47 51 52 62 76 95 102 131 135 152 172 177 366 388 425 465 564 590
374 12 66 564
346 12 564
290 12 62 102 204 212 564
284 12 30 105 212 299 564
151 12 45 139 186 216 400 484
185 12 52 80 97 115 131 400
136 12 52 80 99 131 315 400
89 12 14 30 49 131 186 216 400 467 564
66 12 55 101 135 400
57 12 99 388 400 564
0 12 168 185 400 408
4298 13 58 66 118 134 135 139 179 197 574
1968 13 14 43 51 150 152
3471 13 27 57 105
2351 13 14 37 95
2292 13 14 19 22 58 82 95 135 137 150 189 205
2082 13 37 400 468 581
1233 13 54 102 168
1680 13 35 57 65 66 103 139 315 388 564
828 13 14 57 73 102 139
549 13 24 27 28 30 41 42 49 62 64 65 66 71 72 76 82 99 102 110 132 137 150 164 178 186 192 197 201 202 203 211 233
616 13 35 50 57 71 82 99 100 102 110 139 233 280 315 327 388 400 463 564
266 13 95 139 249 400
95 13 62 90 102 110 125 132 211 233 246 280 298 400 482 536
1276 14 186 211 404 464 490 501
4645 14 27 51 82 99 125
4641 14 166 171
4516 14 57 142 393
1264 14 242
1261 14 50 57 99
1252 14 40
4713 14 22 27 28 35 57 64 65 66 82 99 135 189 245 457
4611 14 17 27 28 62 66 76 103 189 242 245 393 552
4607 14 95 99 152 165 191 278
4603 14 27 41
4499 14 27 38 71
4493 14 27 57 62 65 66 76 82
1441 14 27 28 57 62 65 99 242
1433 14 62
1344 14 22
4697 14 525
4579 14 21 27 44 62 65 66 71 76 82 163
1496 14 117
1416 14 28 40 41 62 65
1398 14 57
4446 14 48 151
4437 14 216
4428 14 99
4427 14 27 49 51 62 66 82 103 216
1396 14 57 99
4398 14 19 27 57 79 97 134 142
4330 14 49 99 163 178 216 233
1366 14 51 139 292 520
1362 14 27 203
1354 14 50
4372 14 170
4294 14 50 62 66 82 110
1537 14 22 27 57 58 62 65 66 82 99 142 242
1535 14 62
1524 14 62 66 99 105 173
1614 14 22 28 62 65 66 82 363 397
4186 14 242
4184 14 22 29 65 66 71 152 180 189
4181 14 27 50 241 393 396 563
4180 14 96
4284 14 27 186
4260 14 39 66
4257 14 57 76 131
4048 14 62 163 242
4039 14 41 66 203 293
4037 14 41 99
1595 14 57 62 66 82
1582 14 192
1578 14 27 62 65 73 178
4161 14 66 103 105 227
4158 14 62 66 104 118 151
4157 14 35
4148 14 29 62 65 66 71 103 139 168 192
4249 14 51 57 66 99 163
1562 14 139 142
1547 14 66 600
1844 14 62 65 66
4119 14 29 62
4108 14 62 82
4216 14 26 30
4212 14 35
4198 14 62
4194 14 57 66 102
4191 14 62 82 99
4190 14 82
1827 14 482
1765 14 42
1757 14 42 66 457
1747 14 44
1802 14 25
1794 14 102 178
3777 14 27 82
4013 14 50 57 62 65 66 103
4005 14 82 99
4004 14 62
3997 14 22 27 29 57 106 138 149 166 168 233 250 525
3992 14 66 105 564
1712 14 27 28 62 64 66 99
1704 14 62 168
1689 14 192
1682 14 242
1681 14 242
3750 14 66 280
3744 14 62 65
3739 14 50 62 66
3987 14 27 28 62 99 105
3666 14 50 64 66 82 100
3665 14 119
4057 14 62 220
4052 14 30 41 49 51 115 178 195 204 216 242
1873 14 27 66 72 393
3717 14 27 30 57 62 79 105 242
3716 14 27 28 50 62 66 110 131
3715 14 192
3709 14 99
1938 14 20 41 49 66 82 95 132 195 227 680
4459 14 62 65
3699 14 57 62 65 66 100 233 463
3925 14 57
1917 14 49
3973 14 27 57 71 82 105
3965 14 76 130 195
3961 14 135
3896 14 27 43 62 66 76 103
1906 14 109
3841 14 29 62 82 99 139 155 164 171 187
3954 14 18 48 49 50 57 58 64 65 71 76 82 110 134 156 177 179 216 336 353 543 556 645
3950 14 159
3949 14 41 79
3942 14 57
3887 14 27 43 44 50 62 64 67 71 82 100 139 151 187 233 280 388
2038 14 27 55
1992 14 39 40
3590 14 23 51 56 66 82 99 165 482
3873 14 50 66 102 105
3866 14 51 99
2014 14 99
1982 14 58 164
3567 14 54 117
2002 14 96 232 245 482
1965 14 22 42 67 103 141 168 200 233
3329 14 20 21 32 39 40 168
3563 14 620
3553 14 119
3547 14 66 158
3245 14 18 27 43 44 49 62 65 66 82 130 131 178 195 216 404 467
3242 14 57 100
3633 14 105 220
3231 14 189
3376 14 27 74 139
3375 14 139
3365 14 41 57 82 110 130
3358 14 24 27
3288 14 62 66
3272 14 49 57 62 65 66 99
2145 14 36 40 49 57 66 178 186
2136 14 43 50 66 72 73 76 82 227
3530 14 216
3526 14 66
3524 14 50 66 227
2130 14 27 482
2123 14 27 62 82 457 482
2114 14 62 242
3160 14 27 28 43 57 62 65 66 99 139
3157 14 16
3491 14 57 71 82
3485 14 42 109 119 139 142 151 243 245 356 357 566 567
3146 14 18 22 46 49 130 134 183 220 233 466 528
3144 14 99
3138 14 23 41 49 123 139 186
3473 14 66
3468 14 142
3114 14 27
2182 14 27 62 65 66 139 212 233
2181 14 39 40 178 216
3065 14 79 104
3053 14 44 66 71 75 82 99 103 115 473
3052 14 50
3105 14 27 57 62 66 82
3102 14 27
3094 14 43 44 62 99
2167 14 105 233
3451 14 27 99 134 139 142 355
3418 14 57
3416 14 23 57 62 64 65 66 99
3412 14 19 27 57 62 71 76 95 99 187
3405 14 17 25 44 55 62 66 73 99 102 119 135 158 163 192
3039 14 57
3036 14 27
2886 14 27
2876 14 50 62 66 103 187
2814 14 20 34 36 40 49 216
3443 14 131 192
3395 14 27 28 62 65 82 131
2194 14 24 27 118 142
2868 14 58 104 110 172 469 574
2862 14 31
2860 14 62 66 82
2858 14 62 82 99 103 134
3436 14 27 51 57 62 65 66 82 103 139 246 272
3425 14 62
2811 14 27
2804 14 126 163
2802 14 27
3353 14 57 66
3350 14 66 199
3348 14 66
3200 14 99
2849 14 62 66
2330 14 75
2329 14 62 65 66 103
3193 14 27 28 62 66 82 103 105
3192 14 99
3190 14 66
2839 14 57 168
2836 14 57 62 66 76 99 556
2750 14 62 66 99
2745 14 54
3208 14 20 41 42 49 96 100 119 126 129 139 142 168 173 189 192 461 563 582
3174 14 49 139 216
3172 14 57
3171 14 50 99
3167 14 66 75 100 109 155 272
3166 14 152
3165 14 18 27 51 62 65 66 130 195 233 241 307 314 501
3855 14 24 40 43 46 62 65 66 117 280 298 469 591 601
2713 14 62
2711 14 66
2743 14 27 57 62 65 66 82 99 100
3162 14 126 128 185
2707 14 24
3940 14 27
2374 14 62 65 66 103
3205 14 21 39 41 50 51 66 71 79 82 100 110 125
2937 14 66
2718 14 66
2704 14 62 66
1890 14 72 76 139 152
1889 14 66
1888 14 24
2597 14 119
2596 14 27 30 41 48 57 82 102 170 192
2594 14 27 28 49 62 72 82 97 99 233 242
2383 14 27 43 49 62 65 66 71 82 99 103 108 177 189 192 212 227 242 249 266 457
2382 14 66 99 110
2378 14 50 62 64 66 71 82 100 103 110 124 139 179 183 220 227 242 272 298
2932 14 53 62 65 66 142 233
2926 14 26 34 39 142
2924 14 49 62 65 66 186 457
2923 14 62
2589 14 62 65 66 139 400 582 606 702
2586 14 27 34 57 61 66 71 97 168
2584 14 49 66 99 298
2957 14 27 28 55 57 76 79 97 108 163 249
2955 14 110
2948 14 24 27 43 51 62 65 480
2947 14 22 134 155 166 173 183 242
2919 14 57
2916 14 27 103
2914 14 50 62 64 66 82 99 103 105 212
2563 14 27 28 62 65 66 103
2554 14 27 71 82
2573 14 27 66 142 173
3792 14 21 148 158 189 554 654
2908 14 123 142
2907 14 30 131
2609 14 178 242
4030 14 27 57 62 66 242
4027 14 27 28 57 272
4026 14 49 131 165 178 216
2549 14 51 54 99 142 173
3018 14 74 191
3017 14 18
2991 14 38 103
2989 14 134 168
1780 14 64
1778 14 47 51 62 65 66 82
2570 14 41
2568 14 108
2679 14 192
2678 14 57
3014 14 102 189
3013 14 19 62 66 72 76 95 99 183 195 242
3007 14 16
3006 14 27 57 82 99 355 404
2988 14 20 27 41 45 88 155
2985 14 99 139
2651 14 62 65 66 101
2677 14 62 66 242 462 482
2675 14 66 103
2673 14 62 66 95
2671 14 105
2685 14 20 27 45 49 51 62 76 99
2668 14 27 62 65 72
2667 14 22 66 151 168
2663 14 62 66
2796 14 27 62 65 66 82 103
2794 14 131 203 216
2793 14 139 185 233 574
3001 14 27 115 192 216 404 457 545
2662 14 27
2659 14 82 99
2658 14 18 20 21 26 36 40 46 48 83 92 101 116 117 139 165 170 187 466 485 559 601 618
2657 14 66 82 103 220 227 272
2656 14 299
2791 14 62
2789 14 23 57 62 66 82 139 457 484
2788 14 27 38 41 49 58 66 79 82 195 278
1052 14 82
2786 14 142
2783 14 82 103
2781 14 62 65 66 99 139 163
2780 14 29 65 66 105 134
2376 14 21 200 233
1029 14 66
2766 14 17 27 28 71 73 141 149
2764 14 43 66 82 103 220 242
1064 14 105
1060 14 57 66
2642 14 75 109 163 168 183
2714 14 41 49 52
2621 14 122 135 139 165 229
2754 14 27 57 62 66 103 192 501
2752 14 62 65 66 99
1091 14 105 115
1043 14 20 40 41 49
1042 14 103
1041 14 49 53 211
2635 14 66
2634 14 637
2616 14 40 62 66 227 242
1088 14 192
1085 14 50
2633 14 62 156
2629 14 62
2614 14 27 28 57 62 65 66 82 99 139 152 242
2613 14 49 105 195 278
2612 14 82
2610 14 357
1094 14 80
1072 14 139
2887 14 57
1082 14 37 216 404
1081 14 62 66 103
1080 14 180 579 600
1068 14 66
2700 14 216 220
3420 14 22 57 79
2491 14 57 82 118 361
2490 14 66 103 216
2488 14 57 66 131
2509 14 28 50 57
2505 14 27 28 66
2694 14 24 27 51 57 66 71 99 142 152
2691 14 62 66 103
2484 14 490
2483 14 41 49 165
2481 14 49 186
2480 14 43 82 99 152 233
2547 14 95 139
2546 14 31 46 69 74 83 93 108 115 134 152 179 353 526
2478 14 103
2495 14 175 186
2493 14 103 124
1109 14 103
3459 14 27
3455 14 27 54 66 97
2441 14 49 76 82
2465 14 50 57 66 103 105
2459 14 43 51 134 142 166 173
1114 14 57 62 66 71
2688 14 27 189
2421 14 101 409
2420 14 64
2419 14 62 242
1076 14 57
1152 14 16 37 50 152
2436 14 62 65 66
2434 14 82 99 139 142 155 171 233
2433 14 17 25 30 57 62 142 150 166 173 177 315
2432 14 57 99 105 131 216
2450 14 62 65
2448 14 62 66
1141 14 16
1140 14 27 43 44 47 51 66 72 76 242
1139 14 27 65 66 82 115 135 170
1138 14 57 73 132 152
1134 14 66 195
2430 14 100 242
2427 14 27 51 99
1151 14 168
1149 14 75 168
1148 14 27 43 50 57 82 99 152 592
2530 14 103 111 163 227 428 674
1131 14 66
1147 14 66
2626 14 16 29 356 477
2625 14 66 82 99
2528 14 23 142
2526 14 63 101
2525 14 108 142
2545 14 41 99
2541 14 220
2540 14 27 62 64 65 66
2539 14 57 102
2520 14 40 62 79
2519 14 57 99
2407 14 57 62 100
2538 14 97 233
2536 14 24
2533 14 99
2395 14 27 57 62 115
2515 14 27 62 67 71 99 105 125 164 177 200 219
2417 14 41 105
1053 14 50 62 65 66 139
2394 14 99
2390 14 27 105
2369 14 79 203
2366 14 22 41 62
2404 14 57 62 99
2401 14 242
2400 14 131 464 484 501
2779 14 43 66
2778 14 66
2777 14 99
984 14 57 71 99
1118 14 41 66 203
2364 14 105
2359 14 99
2356 14 18 36 49 50 66 82 100 103 104 105 125 130 167 170 172 186 192 194 195 202 216 219 227 242
2355 14 41 49
2348 14 102
2346 14 66 105
2372 14 49 163
2363 14 62 216
2654 14 119
2683 14 41 62 65 66 82
2345 14 57 62 66 103
2344 14 97
2361 14 29 62 66 105 106 139 142 242 250 702
2360 14 22
2304 14 105 199
2303 14 139
2325 14 99
2317 14 99
2343 14 49 66 99 130 212
2341 14 105 137 216 242
2340 14 62 65 66 139
2339 14 50
2338 14 57
2306 14 27
2324 14 39 40 49 57 62 65 66 79 82 102 220 242 482 484
2323 14 27 51 62 123 142 245 359 393 425 556 557 558 560 566 600 620 656
2281 14 62 65 66 99 139 220 227
2280 14 272
2278 14 21 23 39 62 65 99 100 130 205 211 233
2269 14 62 82 99 211
2268 14 152
2322 14 50 58 142
2313 14 168
2311 14 65 139 163
2275 14 62 66 171 212
2274 14 23 27 62 82
2370 14 51 62 65 66 71 103
2271 14 27 29 35 204
2270 14 57 62
2297 14 57 62
2296 14 40 41 62 66 72 76 82 211 233 482
2264 14 62
2263 14 155
2414 14 43 47 49 51 62 425 645
2283 14 27 50
2259 14 23
2258 14 27 50 57 62 64 65 66
2255 14 131 337 482
2261 14 66 82 242
2302 14 58
2301 14 43 44 79 103
2300 14 27
2243 14 29 155 197 477
2260 14 39 79 551
2289 14 42
2252 14 41 81
2251 14 48
2250 14 73
1145 14 24 51
1142 14 57 62 65 66 462
2236 14 57 62 65
2235 14 20 40 44 49 62 76 79 99 178 186 216
2234 14 22 23 24 37 47 53 66 69 78 82 94 97 158 163 166 176 189 215 216 346 380 585
2246 14 189
2425 14 180
2423 14 152
2229 14 57 62 66
2240 14 17 57 66 205
2239 14 242
2237 14 20
2232 14 38 48 62 66 76 82 95 233 242 457
2231 14 23 43 53 118 142 231
2287 14 118 189
2286 14 62 197
2228 14 27 51 62
2227 14 27 28 62 131 192 397
2445 14 27
2443 14 57
2442 14 122 139 175
2230 14 30 38 48 62 65
2216 14 163
2215 14 49
2213 14 51 62 65 66 71 139
2211 14 62 82
2226 14 57 62 65 66 82 103 105 142 220 315 508
2225 14 62
2203 14 49 192 216
2201 14 27 28 66 99 100 110 177 192 212 220 280 315 327 355 363 388 393 397 400 414 426 457 513 561 564 577 650 654 660 670
2220 14 27 28 43 62 65 66 82 99 102 103 110 119 134 149 166 517
2224 14 50 62 66 100 102 103 105 159
2079 14 40 47 49 57 65 66 73 76 102 134 135 216 242
2073 14 27 41 50 66 99 102 203 388
1239 14 16 41 42 52 80 91 93 102 109 119 189
1674 14 24 50 62 65 66 71 82 95 99 100 102 105 110 163
1672 14 51 99 102
816 14 22 24 57 62 66 82 99 100 102 110 177 200 212
1343 14 55 57 102 124
859 14 102
1209 14 28 50 57 62 65 66 100 220 233 246 462 564
886 14 50 100 192 564
1157 14 96 102 122 233
935 14 90 102
1020 14 27 28 38 50 62 66 72 76 99 100 102 110 212
1014 14 62 76 102 178
641 14 22 27 62 67 79 102 131 173 189 216 306 640
1006 14 28 35 50 62 64 65 66 82 102 227 508
650 14 39 51 62 65 66 95 99 102 142 186 200 249
990 14 27 53 57 102 233
644 14 32 41 48 57 82 99 102 195 211 233 482
673 14 66 102
667 14 16 43 44 57 66 75 102 119 138 164
680 14 23 37 102 400 536 696
956 14 105 111 139 313 379 400 564
701 14 27 40 57 62 66 82 99 102 105 139
697 14 27 57 82 102 388
896 14 102
895 14 27 57 62 72 76 102 139 155 195 404
894 14 29 57 82 99 100 102 103 139
715 14 43 66 99 102 135 139
758 14 22 71 82 102 105 110 139
770 14 27 50 62 99 564
862 14 30 38 50 62 66 73 82 97 100 102 110 125 167 170 177 201 249 251 262 388 399 408 489 513
880 14 102
879 14 50 62 82 99 102 125 212 242
856 14 102
776 14 102 105 131 189 195
793 14 298 315 400 564
731 14 102 119 126
561 14 109 400 564
589 14 50 82 110 125 564
445 14 49 57 62 66 76 82 102 105 130 131 170 172 192 195 216 220 233 242 262 278 288 400
447 14 16 27 50 57 62 64 65 66 71 82 99 135 136 142 173 192 211 212 233 246 262 266 298 315 388 399 463 473 482 564 600 680 702
444 14 27 57 62 82 99 105 400
585 14 43 66 82 99 102 103 233 242 308 315 400 556
557 14 62 66 82 99 242 388 564
535 14 27 28 62 82 512 564
513 14 41 43 44 47 49 62 65 99 155 163 212 216 242 266 400 591 593
469 14 50 57 62 65 66 82 102 103 110 139 246 564
441 14 27 49 62 65 66 73 105 131 139 142 152 195 197 203 246 299 564
272 14 50 73 457 564
354 14 24 27 50 57 62 82 99 100 102 110 139 233 299 388 400 403 482 536
353 14 28 43 57 62 65 66 82 99 242 363 564
347 14 27 28 72 76 99 102 131 195 242 393 400 501
191 14 20 24 43 51 66 72 73 76 103 400 480 508 542 552 564 591
331 14 35 50 57 62 71 82 100 102 120 132 388 564
328 14 66 564
295 14 564
236 14 27 43 44 51 71 82 95 100 103 110 152 233 280 400 564
278 14 50 66 82 95 99 102 105 110 142 151 166 172 187 195 220 231 242 272 299 400 481
270 14 27 99 102 103 122 125 163 400 512 556 564 586
228 14 27 51 57 62 102 165 212 280 400 425 536 564
253 14 27 57 105 220 299 393 400
163 14 22 55 69 83 101 134 135 167 182 183 191 200 400
138 14 60 115 242 400
91 14 24 27 48 50 57 62 64 65 66 71 82 99 105 142 191 195 200 201 246 298 400
124 14 50 57 82 99 100 125 177 220 233 267 272 298 315 400 564
104 14 400
78 14 23 50 52 64 65 66 80 82 83 97 99 100 102 105 110 134 137 152 166 220 382 400 515 528 536 543 552 557 564 636
72 14 22 42 54 62 80 82 130 131 170 177 200 211 233 369 400 582
52 14 62 99 102 105 400
6 14 19 27 37 57 58 62 66 74 82 99 139 152 164 166 187 233 246 249 266 267 294 298 351 355 400 482 484 486 556
40 14 27 40 78 96 97 117 119 139 155 163 168 177 234 400 428
4331 16 41 66 136 138 141 146 149 204
1384 16 53 66 393
4272 16 27 43 44 53 58 99 142
4455 16 27 62 66 76
3377 16 102 129 168
3109 16 43 44 62 75 82 102 119 136 155 158 164
3016 16 102 129 180
1662 16 33 102 119 173
815 16 27 57 99 100 134 179 185 445 513 520 526 527 528 564
1178 16 33 72 76 102 137 173 180
993 16 102 142
583 16 27 57 280 393 536 564
4417 17 20 40 42 60 61 62 65 79 80 95 102 115 124 173 233
4311 17 39 40 49 57 62 71 82 147 164
4192 17 19 24 68 99 106 192 199
1761 17 29 57 99 105 143 156
3650 17 39 40 62 96 101 102 142 507
3124 17 22 23 27 55 62 65 82 118 150 164
2075 17 35 48 49 62 65 76 92 102 173
379 17 24 43 242 564 591
1297 18 23 24 38 48 49 66 67 71 82 95 101 158 187 189 465
4154 18 28 62 66 99 105 130 216
1801 18 24 51 66 99
1883 18 43 48 57 99
3155 18 66
2190 18 20 26 30 40 43 45 49 62 99 139 155 163 168 178
551 18 102
659 18 24 57 73 131 211 233 242 400 404 480 517 556 564 600 628
529 18 49 130 178 216 400 467
395 18 27 28 99 187 192 355 393 400
22 18 62 83 100 102 110 125 130 146 220 280 400
12 18 49 57 70 102 130 216 400 404
4670 19 27 57 62 65 66 71 73 97 102 116 246 298 462 564 702
1267 19 57 80 139
4575 19 27 62
4563 19 27 62
1499 19 27 39 40 48 79 82 163 233
4426 19 43 44 45 48 62 65 66 103 593
4263 19 27 43 57
4038 19 66 100
3786 19 45 57 119 139 142 223
3923 19 27 62 65 96 102
1989 19 20 99
3233 19 28 39 40 44 55 57 62 65 103 186
3230 19 57 83 117 139 170
3372 19 27 28 62
2140 19 30 76 79 102
2960 19 25 27 97 102 139 149 220
890 19 30 38 45 47 48 49 51 70 92 95 130 178 192 216 224 256 257 425 556 557 564
1013 19 43 49 51 62 66 73 102 139 142 152 195 216 233 404 486 682
955 19 102 203 204
552 19 233 298 299 400 482 559 600
760 19 27 28 48 57 95 99 102 131 139 156
624 19 22 29 30 41 43 49 57 66 82 102 122 125 126 130 131 139 189 195 233 242 315 400 485 552 564
517 19 43 44 49 66 71 82 99 103 105 178 216 227 242 564
462 19 49 102 130 400
351 19 249 385 400
179 19 22 41 49 121 163 188 189 267 400
61 19 27 97 400 564
1284 20 27 36 40 61 192
1266 20 21 22 27 32 40 41 45 79 99 102 139 209 233 258 550
4625 20 66
1495 20 51 62 66
1824 20 27
1731 20 34 39 62 66
3761 20 27 28 29 43 44 45 57 62 79 84 152 158 198 242 250
3663 20 99
4068 20 34 39 41 64 66 103
3728 20 27 40 62 65 99 142 242
1923 20 66 102 118
3839 20 27 28 62 74 99 115 139 182 212 233
1981 20 34 99
3216 20 34 40 57 62 66
2139 20 24 27 29 34 36 49 57 62 65 79 99 139 142 152 156 165 178 209 216 233 404
3536 20 57 62 72 76
3430 20 26 99 108 189
2828 20 39 40 45 71 99
2555 20 24 28 48 76 95 195 200
2649 20 49 400
2765 20 28 45 79
2492 20 27 28 40 62 65 66 82 116 125 130 192 199
2476 20 27 28 99 266
1153 20 27 28 57 82 99 102 142 216 233
2449 20 21 28 34 39 40 43 62 65 66 99 103 233 242
2429 20 27 28 39 40 45 57 62 65 66 71 73 79 82 99 233
891 20 76 102 482
1012 20 30 42 51 82 102 131 186 192 200 204
979 20 21 27 49 102 130 170 186 192
628 20 25 66 72 99 242 564
390 20 21 36 49 62 65 130 177 216 462 564
386 20 38 62 65 71 545 546 564 591
308 20 40 51 62 425 564
178 20 27 40 49 186 205 211 216 243 308 400 513 556
165 20 27 41 118 189 400
4440 21 57 165
1468 21 48 66 71 106 147
1460 21 99
4232 21 27 30 51 139
1751 21 48 99
4461 21 40 41 99
3868 21 49 73 102
1979 21 47 65 71 233 298
2845 21 27 40 62 92 564
3183 21 27 28 39
1669 21 36 45 62 66 82 102
794 21 36 39 73 102
173 21 27 43 47 48 51 79 100 102 117 125 131 137 192 254 256 272 315 361 393 400 464 476 523 552 591 619 630
4636 22 62
4632 22 66 139
4721 22 28 50 71
4622 22 24 27 28 43 44 51 99 150 363 397 403
1490 22 27 57 82 189
1619 22 57 82 149 161 230
1616 22 27 58 134 135 361 473 517 524 527 574 671
1612 22 57 88
4170 22 57 62 66 99 233
4124 22 57
4095 22 24 62 65 66 71 139 152 156 173 197 212 625
4015 22 29 99 118 134 142 197 199 205 355 525
3656 22 62 139
3811 22 27 28 159 197 233 482
1933 22 95 99 139 166
3894 22 27 57 142
2030 22 99
2007 22 27 30 57 66 80 82 131 170 178 180 186 216
3244 22 88 99 163
3117 22 27 99 134
3100 22 99
3042 22 24 27 28 51 57 62 65 71 82 99 134 142
2893 22 99 139 142 149 155 156 189 233 484
3177 22 27 28 49 62 130 139 462
2315 22 23 58 139 152 400 484
2295 22 27 102 123 166 191 249
2221 22 27 28 62 65 66 71 82 102 103 139 151 227 242 400 457
2308 22 24 51 67 71 102 179 183 200 201
1248 22 58 137 564
1220 22 42 102
1224 22 25 564
1204 22 27 30 42 48 102 545 546
1250 22 102
975 22 62 564 592
1117 22 28 43 44 49 57 62 64 65 66 82 112 134 298 468 556 564 634
1010 22 29 119 120 391 400
1000 22 400
700 22 23 24 25 53 62 75 102 106 118 134 137 139 142 149 163 401 477 485 494 528
846 22 102
840 22 168 183 206 388 696
547 22 67 128 189 564
740 22 102 134 149 167 168 189
627 22 165 183 189 205 400
355 22 110 124 139 165 177 304 388 408 465 484 485 525 564
335 22 27 28 38 44 57 62 65 66 76 82 99 102 139 152 163 166 195 233 298 299 486 564 702
326 22 357 506 573 696
87 22 27 62 65 66 82 139 195 211 233 299 400
76 22 134 231 400
50 22 49 62 131 400 408
1278 23 62 139 163 473 574
4526 23 66 142
4567 23 27
4404 23 57 117 163 243
1347 23 37 66
1503 23 47 51 57 71 80 99 122 130 131 139 192 201 216 249 253 645
4205 23 27 393
3572 23 50 547 564 577 649 659
3367 23 51 57 233
3521 23 99
2822 23 27 49 96 99 163 216 245
2599 23 36 62 65 120 199 232
2161 23 27 29 42 50 66 75 84 95 99 102 135 142 155 158 189 196 230 233 253 271 357 380 390 393 414 502 503 622 654 658 691
2050 23 50 57 82 99 102 105 158 165 166 232 469 482 574
869 23 74 76 102 185 186
1169 23 37 400 536
998 23 50 57 99 110 299 315 327 355 388 564
566 23 27 43 44 66 139 152 551 564 593
127 23 36 400 512
63 23 151 400
7 23 73 135 158 233 249 390 400 482
4635 24 66
4599 24 25 27 29 51 62 106 139
4514 24 99
4447 24 27 142
4332 24 57 82
1349 24 62
4269 24 25 27 62 65 71 99 132 139 564
1853 24 27 48 74 92
1813 24 28 43 44 47 51 62 65 71 103 139 298 315
4071 24 99
4009 24 47 51 57 480
3746 24 57 99 278
3810 24 62 166
3704 24 43 47 51 57 62 71
3684 24 57 96
1914 24 51 57
3592 24 99
3274 24 27 62 99 142
3527 24 27 28 50 62 65 66 71 76 82 95 102 110 125 192 195 242
2115 24 27 28
3134 24 57 62 82 142 195
3476 24 66
2166 24 62 66 71
2816 24 39 43 51 65 71
2841 24 99 480
2837 24 41 64 99 100 142 177 299
2834 24 47 51 58 99 102 122 220
3015 24 102 104 255
2943 24 27 28 57 134 137 183 400 408 425
1026 24 27 28 62 66 178
2753 24 27 28 48 57 62 65 82
2368 24 100 125 132 195 227 400 564
2312 24 82 102
2288 24 50 62 65 66 82 95 227 233 512 564
1663 24 102 134 142 156 199
1122 24 50 58 74 102 110 122 134 163 177
1002 24 164 166 173 564
708 24 57 62 95 99 100 102 110 117 132 191 227 233 327
916 24 46 49 59 66 79 82 99 102 103 108 118 125 139 142 170 172 175 183 204 205 293 457 501 545 596 610 657
726 24 50 57 110 139 142 152 168 179 187 262 267 280 288 306 311 315 327 336 359 408 420 491 526 532 564
741 24 41 173 243 251 400 404 417 469 551 554
571 24 27 57 102 147 217 399
690 24 62 99 163 564
568 24 50 57 58 82 100 102 110 246 280 315 388 400 457 469 536 552 574
193 24 25 27 39 43 44 45 48 49 51 57 62 82 90 92 139 142 171 173 187 315 479 517 564
221 24 25 27 57 62 65 66 71 82 99 122 139 212 216 242 404 462 480 501 552 564 691
119 24 51 57 62 64 65 66 99 103 139 142 355 400
134 24 50 57 62 66 95 103 110 152 400
106 24 48 71 72 76 102 103 130 139 220 400
17 24 400 480
19 24 27 57 62 66 142 211 233 315 400 464
4133 25 39 57 73
3977 25 99 132 179
4354 25 57 62 65
3605 25 49 51 53 62 70 99 173
3516 25 27 28 57 62 65 66 71 99 165
3494 25 51 62 65 66 73 139 212 227 242
3128 25 57 62
2925 25 139 696
2655 25 27 28 139
2397 25 43 139 400
2065 25 62 65 102 556 557 564
786 25 62 65 73 74 120 180 233 564 642
512 25 27 28 39 40 57 62 79 80 98 564
405 25 38 47 51 102 107 122 124 152 425 564
174 25 27 28 48 57 62 65 66 75 76 82 105 112 131 168 280 400 564 674
4266 26 27 40 48 57 61 62
3024 26 42 80 82 99 139 152
2824 26 27 28 42 43 62 65 80 155
2412 26 27 28 39 62
1658 26 102
523 26 79 88 163 400 401 586
486 26 82 170 195 400 501 564 674
1334 27 28
1331 27 408 610
1330 27 99
1329 27 62 65 66 212 233 689
1328 27 28 62 65
1326 27 28 62 216 299 393 397 403
1325 27 48
1324 27 62 66 97 139 280
1320 27 34
1319 27 117 139
1316 27 30
1314 27 62 242
1310 27 88 175
1304 27 233
1302 27 66 99
1299 27 99 101
4681 27 163
4676 27 39 209
4675 27 57 66 99 393 403 482
4674 27 66
4672 27 393
4671 27 62 66 103
4669 27 39 557 593
4665 27 393
1295 27 272 363 393
1294 27 393
1288 27 28 66 393
1287 27 28
1285 27 66 82 95 139 227
1283 27 178 216 233
1275 27 73
1271 27 79
4653 27 57 62 462
4652 27 139
4651 27 57 62
4643 27 79 152
4637 27 30 186 216
4631 27 82 152 178 187 465
4630 27 62
4629 27 76
4626 27 57 62 65 66 103
4552 27 28 57 73 99
4550 27 28 288 393 457 501
4545 27 62 72
4542 27 112
4540 27 393
4536 27 28 62 393 397
4534 27 57
4533 27 62 65 299 457
4528 27 62 66 212
4527 27 43 47 51 62 65 66 82 122 221
4523 27 139
4522 27 62 82 99
4521 27 28
4520 27 242
4518 27 39 62 99
1453 27 39 43 99 142 165
1268 27 76
1265 27 103
1263 27 51 62
1257 27 57 99 139
1254 27 57
4720 27 393 401
4719 27 28
4718 27 28 49 62 65 72 76 99 130 155 216 403 545
4714 27 28
4711 27 139 180
4710 27 62 72 73 76
4624 27 28
4621 27 99
4618 27 62
4617 27 62
4615 27 65
4609 27 28 393 397
4606 27 171
4605 27 99
4600 27 28 66 71 102 212
4597 27 49
4596 27 66 216
4594 27 142
4593 27 393
4592 27 57 62 65 66 393 482
4515 27 29 43 44 66
4512 27 39 43 75 117 230
4511 27 39 76
4510 27 28
4505 27 62 99
4498 27 163 401
4497 27 28
4496 27 119
4494 27 62
1451 27 62 66
1449 27 62 131
1446 27 62 65 66 82 142 221
1443 27 82
1438 27 50 62 76 99 100 134 179
1436 27 82
1435 27 28 62
1432 27 99 132
1431 27 393 462 552 579
1429 27 28 40
1426 27 62
1425 27 28 48 49 66 103 130 131 139 186 192 195 216 220
1345 27 28 47 50 51 57 62 64 65 66 71 82 92 99 100 224 246 315 363 393 397 403 457 463 508 513 564
4704 27 99 142 233
4703 27 62 258 299 393
4698 27 28 57 62 130
4696 27 28 393
4695 27 57
4587 27 62 66
4583 27 62 393
4582 27 393
4581 27 62
4577 27 62 65
4573 27 50 51 57 66 82 99 102 122 125 139 142 163 168 199
4571 27 53 62 66 99 139 152 163 197
4570 27 62
4569 27 62 65 216
4481 27 66
4480 27 62 65 139 142 152
4475 27 545
4474 27 35 55 195
1494 27 28 76
1493 27 28
1492 27 49
1489 27 28 39 62 65 66 280
1487 27 28 126 266
1420 27 39 51 57 62 65 71 73 134 508
1417 27 393
1415 27 43 62 79 266
1414 27 76
1408 27 57 62
1404 27 57
1402 27 56 57
1401 27 99 221
1400 27 66 103 393 501
1399 27 57
4449 27 62
4445 27 28 393 397
4441 27 57
4439 27 28 57 62 65 72 76
4438 27 74 139
4434 27 552
4433 27 393
4431 27 49 108 186 209
4425 27 221
4422 27 40 53 149
4420 27 62 65 139
4350 27 62 65
4348 27 139 484
4344 27 393
4340 27 62 65 66
4338 27 62 233
1481 27 28 66 103
1479 27 361 527 574
1476 27 62 71 73 99
1473 27 393
1472 27 400
1465 27 43 99
1463 27 99
1461 27 57 62 393
1395 27 393
1394 27 117 393 601
1392 27 393
1387 27 62 65
1383 27 43 62 66 76 134
1378 27 35
4415 27 28 62 65 66
4410 27 142
4409 27 62 66 163 180
4408 27 28 62 66
4403 27 66 99
4397 27 28 99
4394 27 28 66 139
4329 27 28 62 65 66 76 139
4327 27 28 57 62 65 66 82 103 142 177
4317 27 62
4315 27 126
4314 27 163
4312 27 483 621
4306 27 62
1654 27 28 62 99
1653 27 40 41 45 155
1651 27 139
1648 27 28 62 65 66
1644 27 57
1642 27 28 57 62 66 393
1640 27 62
1637 27 62 66 82 99 110
1636 27 62 66
1632 27 30 258
1368 27 45 62 66 71
1367 27 62 82
1358 27 39 76 139 186 366
1351 27 28
1350 27 57 139
1348 27 393
4391 27 62 66 122 139 512 557 564
4390 27 62 76 139 454 457
4388 27 28 62 72
4387 27 51
4379 27 142
4376 27 28 62 65 66 168 233
4369 27 49
4368 27 185 393
4367 27 139 393 401 484 485
4366 27 393
4365 27 28 80 139
4305 27 28 66 72 73 76
4302 27 57 62 65 99 130 163
4293 27 49 62
4292 27 158 199 220
4290 27 39 256
1542 27 99
1541 27 216
1528 27 28
1527 27 43
1525 27 43
1523 27 50
1630 27 43
1626 27 393
1625 27 28
1624 27 384 393 640
1615 27 69 119 139 152 168
1613 27 28 72 76
1608 27 28 393 397
1603 27 57
1601 27 28 39 72 76 99 103 233
4185 27 64
4177 27 76
4174 27 57 58
4173 27 71
4172 27 274
4171 27 28 99 233 355 393 397
4283 27 393
4282 27 203
4281 27 62 66
4273 27 39 163 401 551
4268 27 65
4267 27 28 30 39 62 200
4264 27 118 183
4259 27 57
4258 27 99 482
1517 27 79
1513 27 99
1508 27 393
1507 27 106 488
1506 27 57 62 65
1502 27 57 105
1501 27 99
4042 27 28
1593 27 66
1591 27 28 57
1588 27 28 62
1581 27 28 62
1577 27 101 457
1576 27 393
1575 27 57 62 195
1574 27 28 41 49 57 62 66 82 101 139 142
4169 27 28 62 66 103 393
4167 27 393
4164 27 65
4162 27 242
4159 27 53 62 65 66 242
4146 27 99 212
4145 27 62 72 76 82
4144 27 62 65 99
4142 27 189
4244 27 28 57 62 66
4243 27 28 139 512 564
4242 27 216
4241 27 43 44 47 51 134 187 574
4238 27 62 65 99
4237 27 34
4235 27 188
4233 27 393
4230 27 62
4229 27 50 57
4228 27 393
4227 27 139 142 163 252
4226 27 28
1573 27 34 39 49 57 62 73 139 399 508
1572 27 139
1571 27 233
1570 27 62
1564 27 29 62 83 179 212 232 482
1559 27 39 42 62 216
1558 27 299
1557 27 62
1556 27 28 62
1555 27 211
1554 27 39
1549 27 99
4031 27 57 62 393
1861 27 393 404
1860 27 31 45 51 69 79 142
1856 27 28 41
1851 27 62 99
1848 27 306
1846 27 117 393
1845 27 57 62 66
4137 27 28
4134 27 49 66
4131 27 62
4130 27 393
4126 27 62
4114 27 99 139
4113 27 41 43 45 76
4112 27 691
4110 27 28 62 66 72 76 99 195
4104 27 393
4224 27 393
4223 27 53 142 168 249 558 691
4217 27 142
4215 27 62 82
4211 27 62
4208 27 393
4206 27 57 62 82 408
4200 27 62 99 103
4197 27 79 384
4193 27 28 393
1835 27 62 65 393
1834 27 30 49 192
1832 27 57 130 501
1826 27 298
1823 27 62
1821 27 79 135 163
1820 27 39 44 48
1819 27 28
1817 27 34
1816 27 393
1812 27 28
1810 27 28 72 393
1806 27 28 82 95
1805 27 141 189 343 498
1766 27 62 99
1764 27 99
1762 27 49 66
1760 27 49 71 163 477
1755 27 28
1754 27 57
1752 27 28
1750 27 355 393
1748 27 28 47 105 130 355 393
1745 27 79 80 180
1744 27 139
1741 27 49 62 393
4090 27 28
4089 27 142
4084 27 62 66
4083 27 39 40 49 62 178 186 202 212 233
4078 27 99
4076 27 49
4075 27 393
4073 27 139
4070 27 28 49 62 65 66 131 139 152 195 216 242
4020 27 400
4017 27 32 57 165 280 298
1804 27 34 393
1803 27 139
1798 27 51 62 65 66 82 105 131 462
1789 27 393 397
1787 27 34 39 51 57 99 149 180
1786 27 62 393
1783 27 49 216
1735 27 139 483 621
1730 27 39
1729 27 62
1728 27 43 44 49 51 62 65 66 216
1726 27 62
1724 27 142
1723 27 163 189 229 393 401 404
3783 27 95 139
3779 27 139 163
3778 27 393
3776 27 134
3775 27 139
3771 27 57
3769 27 62
3767 27 28 62 65 73
4014 27 34 216 512
4011 27 48 99 280
4010 27 355
4008 27 139 142 484
4006 27 28 57 62 65 66 393 397
4002 27 40 43 393
3998 27 28
3994 27 28 62 242
1717 27 28 49 62
1716 27 62 99
1714 27 393
1710 27 158
1709 27 393
1706 27 99
1705 27 99
1703 27 57 139 393 404
1700 27 233
1697 27 39 40 82 216
1692 27 62
1691 27 50 51 62 64 65 66 82 100 192 195 233 315 457 463
1688 27 62 82 96 99 155 165
3765 27 28
3764 27 28
3756 27 197
3747 27 99
3742 27 558
3741 27 62
3740 27 28
3737 27 28 66
3732 27 117
3982 27 79
3980 27 278
3979 27 139
3978 27 28 62 65 66 103 212
3976 27 62 65 73 99 299 457 463 508
3829 27 48
3828 27 57
3826 27 393
3825 27 62
3667 27 187
3664 27 62 76 82 102
3661 27 57 62 65 66 99 242 363 393 403
3660 27 49 186 192 195 545
3659 27 57
3653 27 28
3652 27 62
4069 27 45
4067 27 139
4065 27 163
4063 27 30 79
4060 27 28 57 62 65 66 73 82 99 142 299 482
4059 27 28
4055 27 139 142
4054 27 28 62
4051 27 216
1887 27 66 484
1877 27 117
1875 27 62 212 242
1872 27 62 178 192 212 216
3726 27 62
3725 27 43
3719 27 28 397
3718 27 49 131 192 195 211 216
3713 27 105
3707 27 41 62 65 233
3823 27 76
3822 27 134
3817 27 40 49
3815 27 139 203
3812 27 28 51 62
3809 27 28 66
3805 27 99 355
3804 27 156 168 396
3803 27 28
3802 27 82 393
3801 27 57 192
3797 27 99
3796 27 45 57 251 299 393 471 484
3795 27 28 99
3649 27 62 65
3647 27 62 73
3644 27 28 43 44 50 57 62 65 66 99 110 163 212 298 315 355 564 593
3643 27 28 62 99 105
3642 27 39 99 355
3640 27 57 62 65 220
3636 27 242
3634 27 62
1945 27 45 52 62 134
1944 27 43
1942 27 299 363 393
1936 27 139 151
1867 27 139
4469 27 66 242 266 482
4468 27 66 72 82 130 178 425
4464 27 393 545
4460 27 50 57 66 82 99 100
4457 27 28 66 242 258 259 266 355
3697 27 28 72 76
3696 27 28 57 62
3695 27 131 186 404 501 580
3691 27 49
3689 27 57 299 393
3688 27 57 76
3686 27 57
3681 27 393 473
4189 27 29 168 233 249
4188 27 66 82
4187 27 62 65 99
3930 27 74
3927 27 58 82 99 142 220
3926 27 99
3922 27 393
3921 27 28
3918 27 62
1931 27 57
1930 27 28 66
1929 27 28 57 66 100
1928 27 62 65
1927 27 28 57 72 76 99 139
1919 27 28 43 44 49 66 72 76
4456 27 62 65 393 501 507 552
3970 27 57 62 95 97 142 156
3969 27 28
3968 27 28
3960 27 66 139
3915 27 57 67 163 170
3912 27 99
3901 27 35 57 62 66 79 82 299 425 558 560
1912 27 28 99
1911 27 28
1907 27 28
1905 27 28 40 45 48 73 79 130 177 256 366 404
1903 27 57 66
1902 27 57 73 103
1894 27 38 47 49 57 62 65 178 315 393 484 508 546 591
1891 27 28 50 51 62 64 65 66 73 227 393 428
3848 27 28 62 99 195
3846 27 28 62 66 73 82 105 179
3833 27 57 62 65 66 139 152 233
3955 27 57 62 72 76 99 242
3951 27 57
3947 27 62 99
3945 27 28 62 66 99 227
3891 27 62 66 99
3890 27 43 47 51 57 139 163
3889 27 62 65
3888 27 28 62 65 66 82 99 125 178
3886 27 39 49 57 62 65 163 216 233
3885 27 28 47 51 62 66 299 397 457
3883 27 28
3880 27 28 62 103 393
3879 27 28 42 49 62 65 66 80 99 139
3832 27 57 99 355
2047 27 28
2035 27 28
2034 27 62 66
2032 27 43 57 62 65 482
4255 27 99 393 397
4254 27 57 262
1656 27 57 139 152 185 393 484 485 486
1990 27 99
1988 27 28 62
1986 27 57 62 65 66 72 76 105 139 163 482
4361 27 28 51
4355 27 28
3596 27 49 65 216
3595 27 28 57 62 65
3594 27 28 163
3588 27 39 43 44 47 51 57 363
3584 27 29 62 66 155 163 418
3583 27 99
3865 27 28 57
2028 27 99
2026 27 57 62 65 66 99 212 457 462
2021 27 28 62
2020 27 28 50 57 62 66 100
2017 27 28
1984 27 28 99
3581 27 66
3580 27 62 65 99 249
3573 27 28 57 66 82 103 298
3569 27 57 552
3564 27 49 57 82 186
2005 27 28 57 62 65 212
1972 27 28 99 115 131
1964 27 28 62 65
1963 27 28 31 69 83 88 99
3337 27 62 65 393
3334 27 57 62
3333 27 28 308 550 553
3330 27 28 62 99
3327 27 99
3325 27 62 65 66 82 139 212 484
3323 27 38 57 75 80
3320 27 28 62 65 66
3319 27 28 49 57 62 65 66 82 151
3561 27 57 137
3560 27 28 39 43 44 57 62 65 99
3559 27 57 62 393 525
3557 27 28 62
3549 27 28 30
3548 27 28
1457 27 57
3248 27 50 57 62 66 99 134 457
3246 27 49 57 62 65 71 96 178 192 202 216
3236 27 57 72
1953 27 28 62 65 66
3632 27 28 57 62 65 66 101
3631 27 28 139
3630 27 62 65 298
3629 27 28 62 212
3627 27 28 49 57
3619 27 28 233
3617 27 99 272
3615 27 28
3611 27 57
3317 27 28 62 82 99
3311 27 28
3309 27 62 65 66
3308 27 62 65 212
3232 27 66
3227 27 57 122 139 152 156 288 617
3224 27 45 49 51 62 66 82 99 192 216 233 501
3217 27 28 62
3366 27 28 57 66
3364 27 99
3295 27 28
3292 27 28 57 512
3286 27 28 47
3284 27 40 57 62 180
3273 27 28 49 62 186 216
2148 27 28 30 62 66 72 76 82 105 195
2141 27 39 40 44 49 62 66 178 216
2135 27 99 192 212 233 266
3609 27 28 216
3606 27 45 57 62 66 142 150 166
3604 27 38 40 43 48 51 66 195 216 645
3268 27 28 393 397
3266 27 66 393
3252 27 99
3529 27 28 62 397
3525 27 28 62 76 80 131
3523 27 28
3519 27 62 99 212 266 315
3513 27 62 65 66 71 163
3512 27 40 49 57 62 65 99 233 462 628
3511 27 28 48
2134 27 62 65 66
2132 27 66 82
2131 27 57 99
2125 27 28 40 57 76 99
2121 27 99
2120 27 28
2117 27 62 65
2113 27 57 82 139
2112 27 57
4557 27 57
4555 27 28
3159 27 28
3158 27 99
3156 27 66 134
3153 27 50 55 62 64 66 82 103 105 139 163
4686 27 66
3503 27 28 57 62 178
3501 27 99
3499 27 28 62 65 233 393 482 593
3498 27 28 62 72 76
3493 27 57 62
3489 27 57
3484 27 28 62 65
3482 27 48 99 100 152 163 179
3145 27 57 62 65 95 256 429
3141 27 28 62 457
3136 27 28 62 139 233 393
3090 27 28 397
3088 27 57
3078 27 28 62
3070 27 28 62 65 66 393 397
3478 27 62 99 131 299
3477 27 62 65 118 134 139 155 163 484
3470 27 28
3467 27 66 163
3464 27 28 62 82 99
3463 27 28 66 72 76 82 99 125 139
3462 27 66
3121 27 62 65 139
2192 27 28 35 57 62 65 66 82 482
2187 27 66
2185 27 28 62 65
2178 27 28 62 65 99 393
3067 27 28 39 43 44 47 62 65 82 216 473
3064 27 62 65 66
3061 27 43 99 189
3059 27 28 49 99 242
3056 27 99
3054 27 28 72 99 100 110 220
3107 27 28 47 62 65 76 99 242
3106 27 57 62 65 66 72 76 134
3096 27 28 57
2175 27 76 99 393
2173 27 28 57 62 139 216 564
2172 27 28 62
2168 27 50 57 66 99
3452 27 62 65 139 363 393
3450 27 66
3419 27 35 50 62 65 66 71
3415 27 51 57 62 66 99
3414 27 28 49 142 393 397
3406 27 62 99 355
3051 27 400 564
3046 27 28
3045 27 28 315
3035 27 72 99
3028 27 28 40
2881 27 62 65 139
2880 27 62 71 99
2877 27 28
2875 27 51 62 65
2872 27 28
2107 27 99
2106 27 28 49 62 308 393 397
3542 27 28 102
2823 27 28 66 99
2820 27 66 99 103 192 355 393
2819 27 28 62 66 76 397
2818 27 65
2817 27 28 51 57 62 82
3448 27 62 482 564
3447 27 99
3446 27 62 65 99
3441 27 30 62 65 66
3440 27 28
3439 27 28 66 76 82 195 233
3027 27 49 65 216
3023 27 28 39
3022 27 28 66
2870 27 28 62
2867 27 28
2866 27 99
2864 27 62 65 66 220
3437 27 99
3431 27 28 34 39 142 163
3426 27 28
3423 27 28 39 49 57 62 65 66 71 73 82 131
3421 27 28 62 65 76 99
3387 27 28 62 66 105
3352 27 99
3351 27 40 99
3343 27 49 62 99 216 355 404 501
3341 27 28 57 62 72 76 139
2854 27 28 76
2850 27 99
2842 27 62 99 211
2903 27 62 564
2902 27 28 43 57
2901 27 28 102
2896 27 62 65
2895 27 57 62 65 139
2891 27 28 51 103
2888 27 28 393 397
2801 27 28 57 62 65 66 242
2334 27 28 40 49 50 62 65 66 82 155 178 216 233
2332 27 28 110 115 130 178 216 268 592
2331 27 28
3184 27 28 393
2832 27 99 108 178
2826 27 28 397 560
2000 27 28 49 51 62 66 216
2748 27 57 102
2744 27 28
3209 27 28
3207 27 28 99
3206 27 62 65 66 192
3173 27 28
3854 27 28
2710 27 28 82
2742 27 28 47 461
2739 27 28 66 72 76 99 192
2762 27 28 130 163
2761 27 28
2760 27 28 40 43 62
2757 27 28
2708 27 28
2706 27 28 62 65 66 99 355 393
2705 27 28 66 82 100 110
2731 27 28 57 62 65 187 393 397
2726 27 65
2373 27 28 397
2977 27 28 39 40 45 48 62 65 66 76 152 180 233 298 457 508 550
3203 27 28 57
3202 27 62 65
2940 27 28 397
2939 27 62 65 66 102 177
2722 27 28 62 79
2720 27 28 62 65 66 99
2976 27 28 99
2974 27 28 57 62 66 82 99 103
2973 27 62 65 66
2970 27 28 48 62 280
2969 27 28 49
2968 27 28 62
2604 27 50 57 102 110
2593 27 28 99
2381 27 62 65 66 82 242 457 564
2380 27 28
2377 27 28 62 65 66
2964 27 57 62 65 66 82 99 216 220 242
2927 27 28 34 36 39 40 41 62 65 66 117 242
2922 27 28 62
3678 27 57 66 99 139 484 564
3676 27 28 62 65 246
2591 27 62 65 99 105 139 195
2590 27 28 40 178 404 501
2918 27 28
2917 27 28
2915 27 28 72
2558 27 28 99
2557 27 212 355 393 400 403
2556 27 65
2582 27 28 39 45 57 79
2578 27 28 41
2577 27 28 57 62 65 66 73 139 393 397
3791 27 28 73
2997 27 28 57
2995 27 28
2993 27 28 393
2906 27 28 51 62 65
4029 27 28 50 57 62 65 66 82 100 105 110 166 457
4025 27 28 39 40 49 143 156 180 197 212
4024 27 28
2553 27 28 62 76
2552 27 28 72
2551 27 28 57 99
2550 27 28 40 49 99 105 112
3019 27 28 44 47 57 62 65 66 82 99 118 139 299 315 393 482 508 556
2990 27 28 62 66 99
1775 27 28
2567 27 28 99
2680 27 28 38 62 65 66 139 195 469 546
3012 27 28 41 49 483 621
3011 27 28 152 243 363
3009 27 28
2652 27 28 62
2676 27 28 62 65 72 76
2674 27 28
2672 27 28 397 580
2608 27 28 57 62 152 483 621
2607 27 28 72 75 76
2983 27 28 49 51 202
2981 27 28
2980 27 28
2650 27 28 71
2648 27 28 57 62 65 66 99 105 139 233 242 462 581
2647 27 28 62 65 66 73 99 139 508
2670 27 28
2669 27 28 57 62 65 71
2665 27 28
2795 27 99 102
3003 27 28 57 62 76 216 293
3002 27 28 51 57 62 65 66 71 99 100
2776 27 28 62 65 66
2775 27 28
2660 27 28 76 99 139
2646 27 28 62 76
2946 27 28 62 72 76 216
2945 27 28 30 62 72 76
2944 27 28
2942 27 28 57 66 142 462 517
2941 27 28 66 99 462
2773 27 62 400 404
2772 27 28 62 66 99
2769 27 28
2768 27 28 57 216
2785 27 28 62 66 99 125 299
2784 27 28
1051 27 28 70 139
1049 27 28
1046 27 28
2375 27 28 62 134 397
1028 27 28 62 65 66 99 103
1045 27 44 62 102
1066 27 28
1065 27 28
1062 27 28 57 62 65 163 233
1061 27 28 62 66 99
1059 27 28
1027 27 28 393 397
1025 27 28
2645 27 28 62
2644 27 28 38 62 163 192 482
2641 27 28 242
2623 27 49 102 131 195 216
2622 27 28 212
1090 27 28 66
1040 27 28
1037 27 28 178 192
1035 27 28 62 65 66 103
2639 27 28 57 62 65
2636 27 28
2619 27 28 57 99 233 482
2618 27 28
2615 27 28
2632 27 28 51 62 66
2631 27 28 45 47 51 57 73
2630 27 28 62 66 99 101 122 132 139
2628 27 28 233 355 393 397 399
1083 27 28 644
2611 27 28
1093 27 28
1071 27 28 62 73
2514 27 39 41 45 48 49 66 102 130 216
2511 27 28 51 62 139 425
1069 27 28
2701 27 28 62 65 66 76 82 99 242
2699 27 28
2489 27 28 62 65 66 82 99
2487 27 28 39 62 65 76 82 99
2693 27 28 62 72 76 99 482
2692 27 28 62 65 152 483 621
2486 27 28 43 57 62 99 177
2479 27 28 62
2504 27 28 29 57 62 66 199
2503 27 28 57 62 65 70 189 393 397 404
2502 27 28
2501 27 28 62 65 72 76 103
1111 27 28
3092 27 28
2474 27 41 79 102 152
2499 27 28 62
2498 27 57 62 99 102
2497 27 79 99 102
2496 27 28 51 62 99
2494 27 28 62 65
1110 27 28 272
1108 27 28 212
1107 27 28
1106 27 28 49 62 65 66 103
1105 27 28 57 62 66 72 73 82 99 100 102 105 134 179 192 233 255 506
3460 27 28 62
3458 27 28 62 99
3456 27 38 57 62 65 298 315 564
2464 27 28
2462 27 28 62 65 71 102 139 220
2461 27 28 62 66
2471 27 28 62
2470 27 28 62
2469 27 62 65 82 99 102 103 130 142
2468 27 28
2466 27 28 72 76 401
1101 27 28 72
1100 27 28 57 62
2690 27 57 82 99 102 272 536
2687 27 28
2686 27 28 62
2438 27 28 49 62 65 66 99 173 192 462 508
2456 27 28 76 99
2455 27 28
1078 27 28 62 65 76
2437 27 28 62 65 76 242
2453 27 28
2451 27 28 43 57 163
2447 27 28 57 62 212
1136 27 28 39 40 43 44 47 49 51 62 79 130 299
1135 27 62 99 564
1133 27 28 43 44 49 62 65 66 82 187 221 298 315 508
2431 27 28 62 65 66 397 457
2428 27 136 564
2426 27 28 62
1150 27 62 71 102 246 536
1132 27 28
1130 27 28
1146 27 28 29 139
2627 27 28 62 65 66
2524 27 28 76
1034 27 28 62 65 66 76 99 103
1033 27 28 62 65
1032 27 28 57 62 66
2516 27 28
2411 27 28
2410 27 28
2408 27 28 34 39 40 79 216 404
2534 27 28 274
2532 27 28 57 72 76 393
2396 27 28
2418 27 28 62 65 66 82
1057 27 28
2406 27 28
2393 27 28 393
2392 27 28 62 76
2389 27 28 355
2403 27 28 62 65
2402 27 28 57 62
2342 27 102 313 468
2336 27 38 49 62 65 130 131 164 216 403 564
2276 27 28 57 62 65 72 76 99 102 147 152
2267 27 62 564
2284 27 28 102 132
2293 27 62 66 82 99 102
2299 27 57 62 66 71 99 102 103 220 482 640
2218 27 102
2210 27 102 298 315
2202 27 62 102
2160 27 54 73 393 399 400 507
2083 27 102 103 105
2100 27 28 66 75 82 102 104 105 412
2088 27 62 65 315 564
2087 27 66 142 517 564
2093 27 102
2092 27 65 66 102
2091 27 65 66 82 99 102 137 168 172 220 233
1158 27 28 57 62 73 76 99 100 139 260 513 564
1161 27 50 102
2059 27 57 99 102
2077 27 28 39 40 48 51 62 65 66 71 82 99 102 125 192 195 202 211 256 461 545 603
2070 27 44 102
1240 27 28 47 51 57 62 64 66 82 102 177 457
1238 27 102
1234 27 30 41 49 57 66 102 139 203 204 216 393
1668 27 62 66 102
1951 27 57 102 216
1665 27 57 180 400
1675 27 30 40 76 102 195
1679 27 102
813 27 99 564
811 27 49 51 57 62 65 70 71 81 100 139 425 528 564 574
830 27 57 66 178 195 233 315 393 400 443 545
1863 27 102
851 27 62 66 102 564
1243 27 28 62 65 66 242 564
1242 27 35 62 65 66 564
1241 27 49 62 66 71 99 564
1215 27 28 57 62 65 82 102 110 125 177 179
1214 27 62 65 82 102 221 299
860 27 102
1212 27 62 73 82 101 102 130
1203 27 39 43 44 51 57 62 102 256 299
1190 27 28 50 62 65 66 71 96 99 102 110 177
1340 27 28 102 163
1173 27 28 30 38 62 65 95 102 173
1167 27 102
1165 27 102
923 27 28 102
1123 27 28 72 76 97 102 131 187 195
884 27 39 57 102 124 304
937 27 44 62 64 79 99 102 139 393 536 552
1207 27 102 393
976 27 102 118 158 168
970 27 62 65 99 102
1222 27 66 103 192 280 564
1125 27 28 57 62 66 76 102 163 164
1023 27 62 65 99 564
1017 27 28 397 564
638 27 243 361 388 400 520
1022 27 36 39 40 57 62 66 71 82 99 102 103 192 220 393
1120 27 400
1005 27 48 51 62 66 71 99 564
1009 27 57 102 558
999 27 102
980 27 564
647 27 40 49 189 400
966 27 280 400
963 27 53 55 66 69 83 99 102 103 119 135 158 203 400 536 602
682 27 62 65 102 507
953 27 62 132 400
958 27 28 102
713 27 40 57 95 102
901 27 62 102 131
898 27 28 393 400 564
878 27 62 65 66 564
873 27 66 102
872 27 62 64 102 131 195
870 27 50 51 57 62 65 66 100 101 299 462 564
871 27 49 66 100 102 105 110 163 192 195 242 388 501
756 27 50 70 102 165 177 200 201 280 298 400
853 27 48 82 102 125 134 162 167 361 394 430
844 27 37 48 49 102 216 462
865 27 62 72 76 82 102 233 564
843 27 28 57 62 99 233 696
842 27 57 62 64 66 71 72 102 115 220
835 27 62 66 72 76 99 102
802 27 564
796 27 62 102 211
799 27 30 66 76 82 97 102 131 195 216
808 27 57 102 115 139 187 221 249 280
785 27 99 102
797 27 51 66 102
783 27 40 47 57 65 100 102 142
791 27 42 80 102 139
790 27 28 49 57 66 102 192
725 27 28 62 65 66 102
742 27 57 102 178
739 27 47 49 50 51 62 65 66 72 73 76 82 99 102 178 192 216 315 400 403 411 425 462 482 536 548 549 579 657 678
574 27 62 65 564
572 27 62 65 75 82 141 155 163 180 189 197 205 564 642
753 27 28 50 100 156 220 400 564
752 27 564
736 27 28 43 44 51 62 65 73 82 100 152 233 280 363 403 462 564 593
712 27 233 393 564
562 27 43 48 139 366 564
617 27 62 65 393 564
578 27 28 57 62 65 66 99 179 242 393 462 564
613 27 62 564
663 27 50 62 65 66 76 82 204 315 404 463 564
466 27 28 35 50 57 62 65 66 73 76 82 100 102 105 220 233 246 298 299 513 564 702
465 27 62 66 71 110 132 233 315 557 564
597 27 62 298 564 702
473 27 39 57 62 65 393 400 556
593 27 28 62 457 501 564
569 27 50 63 82 99 110 134 327 564
554 27 28 49 57 62 65 66 99 163 173 211 299 393 460 564
518 27 564
516 27 35 62 65 556 564
502 27 28 49 62 178 216 400
576 27 43 62 66 168 401 495 564
582 27 28 51 62 65 66 82 99 564
511 27 28 564
372 27 62 66 242 393 564
504 27 30 203 204 280 400
378 27 163 233 564
498 27 62 99 355 564
480 27 51 62 393 400 557
530 27 28 62 65 70 101 216 242 256 257 400
459 27 49 126 216 400
456 27 48 102 163 400
437 27 51 152 170 216 461 564
449 27 100 483 564 621
429 27 51 57 400
425 27 400 564
413 27 49 115 216 280 315 377 404 564
418 27 82 99 135 170 186 400
410 27 28 62 66 71 142 393 469 473 564
400 27 39 70 400 564
273 27 38 57 76 95 165 166 564
385 27 28 57 62 65 564
383 27 49 57 62 65 82 99 103 564
315 27 62 211 242 564
367 27 50 64 66 72 76 99 139 400
358 27 62 564
376 27 62 65 74 150 393 400 465
334 27 47 51 57 62 65 66 99 216 425 564
341 27 393 400
199 27 28 29 34 37 39 40 116 130 155 166 195 400 491
319 27 99 105 124 556 564
302 27 139 142 288 400 404
303 27 556 557 564
288 27 49 131 178 192 216 315 564
282 27 43 44 47 51 57 62 65 66 72 76 99 102 233 272 355 393 425 462 482 536 556 557 564 591 593 689
250 27 100 564
299 27 28 57 62 65 99 177 564
271 27 43 44 45 48 51 62 66 71 82 92 99 139 216 462 564
255 27 32 65 66 82 131 139 178 192 195 202 216 564
268 27 51 57 62 66 72 76 99 163 242 401 425 564
261 27 57 62 66 139 152 233 242 457 564
143 27 57 62 76 82 99 564
152 27 62 66 315 564
239 27 28 99 211 233 355 400
147 27 28 43 44 51 62 65 71 95 99 152 216 545 556 564
219 27 163 400
160 27 28 72 76 564
217 27 28 400
218 27 564
168 27 47 100 298 315 393 564 702
167 27 28 393 397 564
207 27 62 66 99 103 564
206 27 62 66 99 462 564
204 27 64 99 212 564
108 27 186 192 293 400 579
131 27 28 62 66 103 142 233 315 400
126 27 400
99 27 35 50 57 62 66 82 99 100 103 111 112 125 220 225 242 246 272 298 299 327 400 462 463 482 508 513 674
113 27 62 400 467
83 27 393 400 408
82 27 39 62 65 102 117 135 163 400
80 27 28 66 71 76 139 163 400 591
75 27 62 132 400
56 27 70 139 165 201 212 266 400
59 27 110 696
36 27 28 57 62 71 73 99 139 163 166 177 212 225 242 400 482 680 689
34 27 99 393 400 638
9 27 49 139 400
23 27 43 57 62 66 99 105 110 400 564
14 27 28 315 397 400 564
13 27 35 43 44 51 57 62 65 99 110 216 591 696
2 27 28 57 62 66 76 103 105 163 393 400 457 462 513 558
4694 28 43 57 76 99
4564 28 397
4482 28 62 65 66 82 95 163
1377 28 545
1374 28 62
4304 28 57
1623 28 45 62
1599 28 49 62 65 130
4277 28 57 62 122 139
1585 28 39 40 41 62 65
1550 28 82
4123 28 66
4118 28 44 57 62 66 99 299 355 397 574
4096 28 397
1782 28 49 62 72 242
1708 28 66
3668 28 49
1866 28 139
3907 28 41 62
1909 28 66
1904 28 163 483 621
2043 28 64
1985 28 50 57 71
1966 28 62 189
3556 28 49 216
3306 28 482
3221 28 62 76 131
3601 28 76 99
4560 28 99
4687 28 99
2174 28 62
3417 28 62
3034 28 66 103
2885 28 66
3541 28 49
3399 28 65 66 73
3393 28 82 689
2861 28 62 65 66 71
3428 28 62 134
3196 28 62 65 101
2844 28 102 397
3379 28 66 73
2890 28 44 45
3185 28 397
2740 28 103
2729 28 462
2936 28 393
2721 28 99 186
2719 28 62 65 66 131
2384 28 62 65 139 189
2958 28 397
2566 28 62
2949 28 57 65 99 180
2574 28 43 44 62
2571 28 62 100 178 216
2682 28 393
3008 28 65 66 71 73
2664 28 62 66 102 105
988 28 62 65 100
987 28 66 507
986 28 67 189
2771 28 82
2763 28 99
2624 28 49 62 65 99
1036 28 43 49 62 66 152
2617 28 62 76
1087 28 62 95 139
1084 28 62
1070 28 51 57 62 65 66 82 99 102 103 242 425 545
2513 28 62 299
2510 28 66 195
2508 28 62
2500 28 397
2548 28 57 62 65 66 73 82 180
2477 28 57 62 66 545
2473 28 57 62 65
2472 28 99 355
2523 28 393 397
2543 28 43 51 103
2518 28 66 76
2517 28 62 65 242
2415 28 393
1055 28 397
2388 28 43 49 57 65 66 70 82 99 191 227
2208 28 72 102
1229 28 50 62 99 102
824 28 62 65 71 105 139 564
866 28 57 62 142 564
1195 28 57 62 65 66 99 102 115 122 139 152
633 28 57 110 124 298 315 327 564 702
967 28 40 57 71 564
733 28 57 102 393 397 536
430 28 35 57 62 66 71 100 152 501 513 564 634
394 28 49 50 62 65 66 72 82 99 103 212 280 315 393 457 564
352 28 125 564
194 28 57 62 65 66 82 122 132 192 376 552 556 557 564
292 28 47 57 118 178 216 400
258 28 40 49 62 178 179 212 216 564
220 28 62 65 71 400
166 28 62 66 192 536 564
211 28 62 66 72 73 242 280 397 400
123 28 62 102 139 272 400 536
4326 29 57
2045 29 48 57 139 156
3335 29 62 65 477 510 652
3150 29 66
3197 29 51 57 62 66 99 233
3187 29 49 99 149 186 189 216 233
2792 29 57 99 102
1044 29 43 57 135 400
2294 29 43 57 552 564 593
98 29 30 43 44 57 99 105 155 156 163 170 171 204 216 400 512 557 593 600
3304 30 57 62 65 66 82 115 125 233
4692 30 57 62 65 99 131 139 636
3149 30 41 57 75 102 110
1339 30 48 50 62 267 564
825 30 80 101 102 168
677 30 43 57 109 400 525
286 30 44 66 400
58 30 35 41 49 50 70 102 130 131 170 175 186 204 216 400 536 564 637
634 32 40 48 62 92 192 272 400 564
77 32 42 48 49 67 71 77 92 116 129 175 178 186 189 192 195 206 217 253 400 670
1373 33 34 102
1532 33 57 99
1897 33 57
4310 34 39 57 483 621
4044 34 49 62 66 178 186
4120 34 39 48 57 105 186 192
3483 34 43 57 62 99 139
927 34 65 102 129 178 191
4531 35 57
4487 35 99
3794 35 57 71 100 163
3858 35 99
2015 35 50 62 65 100 298 388 463 564
2129 35 50 62 65 66
2171 35 99 100 211
3410 35 57 62 66
2758 35 102 233 525 574
2912 35 62 65 100
4028 35 102 168
3004 35 65 100 102
2770 35 51 62 66 82 102 110 139 180 242 298 315 327 557 564
1073 35 58 100 102
2307 35 51 57 62 110 177 212 298 564
2282 35 400 469 573
1194 35 50 57 100 139 177 272 298 564
1191 35 50 64 82 100 102 110 315 327 564
883 35 400 403 482
882 35 50 62 82 102 105 125
991 35 49 280 298 400
674 35 62 64 65 71 82 100 102 103
669 35 50 57 62 66 71 72 73 76 79 80 82 99 102 104 110 124 132 142 147
968 35 102 233
918 35 57 95 102 152 163 242 399
971 35 57 62 110 298 564
716 35 50 57 82 110 564
863 35 57 62 65 115 139 187 221 564
671 35 50 62 71 100 102 110 125 187
536 35 102
832 35 102 233
754 35 57 62 65 66 71 99 139 152 233 280 564
651 35 400 540
612 35 82 388 400 564
520 35 50 62 65 71 139 298 463 513 564
171 35 50 57 62 110 134 298 336 388 525 536 552 564 702
202 35 50 58 63 73 100 102 110 124 233 463 513 564
184 35 51 66 556 557 564
155 35 51 57 74 110 122 177 400
45 35 50 57 82 100 102 104 110 125 156 172 200 336 400 489 564
26 35 48 51 110 400
3645 36 41 44 49 62 99 105 192
3276 36 40 57 62 65 216 355
912 36 40 43 44 49 51 57 58 95 102 115 131 142 152 155 178 187 195 233 242 366 425 483 536 560 658 682
692 36 400
329 36 40 51 99 178 216 355 564
3654 37 50 57 58 82 137 139 152 254 315
3259 37 99
3087 37 50 99
1181 37 102 315 525 556 564
3673 38 57 95 139 465
3703 38 66
3336 38 57 62 99
3278 38 49 62 66 130 131
3110 38 57 99 102 139 556
1237 38 47 50 51 102 122 139 142 163 640
1211 38 62 102 192 315
950 38 57 139 163 249 315 400 564
648 38 57 102
766 38 102 152
847 38 102 163
414 38 110 315 388 556 557 564 603
375 38 139 199 393 484 564
293 38 57 103 152 216 400 545
237 38 404 564
114 38 47 49 50 51 65 66 71 99 100 110 111 139 152 315 327 388 400 412 425 457 463 467 484 485 486 508 512 513 556 557 564 674 680
94 38 179 400 552
1286 39 57 601
4656 39 57 404
1423 39 57 139 189 404 484 550 552 559
4435 39 79 99 551
1466 39 40 62
4396 39 57
4274 39 62
1831 39 40 45 51 57
4087 39 44 57 139
1795 39 62 66 103 152
4062 39 62
3928 39 40 57 550
1970 39 49 62 66 126 139 212 216 266
1957 39 43 44 99 168
3338 39 99 483 621
3625 39 57 71
3285 39 57
3610 39 57
3533 39 40 43 44 57 62 65 593
4556 39 99
3068 39 43 66 103 104 134 480 517 542
2179 39 62 65
3442 39 57 102
3391 39 40 62 65 130 233
2859 39 47 51 62 66 95 564
2746 39 40 62 65 139
2953 39 62 65 66 82 99
2950 39 44 62 65 66 483 621
2096 39 45 48 62 65 66 102 155 483
632 39 40 43 57 80 117 118 142 155 173 564
533 39 564
368 39 79 564
300 39 122 139 564
4647 40 48 57 139
4589 40 99 103
4287 40 62 65
4286 40 62 66
1567 40 62
4034 40 51 62 64 65 66 82 103 142 242
4218 40 51 62 65 73
1941 40 66
2149 40 49 62 65
3251 40 43 51 57 92 99 425
4559 40 62 65 70 216
2933 40 49 65 66 82 123 132 166 469 483 621
1099 40 57 102
2248 40 43 65 66 73 76 99 102 103
1172 40 46 57 62 102 116
951 40 57 211 249 564
705 40 48 71 102 149 168
567 40 48 49 66 71 86 130 564
435 40 49 178 186 216 564
366 40 95 139 152 366 564
121 40 43 82 125 189 400
1262 41 57 88 106 163 189 233
4504 41 49 57 130
4436 41 62 65 192
1389 41 48 62
1634 41 49 62 122 192 204 374
4270 41 57
4231 41 49 51 62 65 216
1561 41 62 102
4138 41 57 82
4195 41 99
1736 41 57 216
3991 41 44 47 51 57 66 73 90 142
3760 41 99
1893 41 57
3237 41 57 70 139 586
3368 41 49 57 216
1217 41 48 102
1201 41 102 216
1184 41 43 102 185
1163 41 49 102 216
704 41 57 82 315 556 564
803 41 102 139
564 41 49 126 170 178 186 202 216 400 404 610
532 41 57 256 315 388 400
463 41 62 65 99 400
454 41 224 400 501
297 41 564
145 41 126 220 400
27 41 400
3429 42 99 110 170 177 216
3180 42 79 99
767 42 102 139
806 42 102
509 42 62 79 80 97 315 400 403 425 610
4633 43 51 62
4535 43 51 57
4400 43 51 57 62 99
4325 43 48 62 92
1652 43 57
1353 43 57 64
1622 43 57 62 99
1606 43 57
1592 43 57 62 185 355
4143 43 57
4236 43 50 51 57 66
1847 43 62 66 110 141 142 163 233
4125 43 62 65
4102 43 62 65 180
4085 43 62
3736 43 99
4049 43 65 66
1881 43 44 51 66 72 73 76 82 99
3808 43 44 66 99
3920 43 51 57 62 66 76 97 99 137 139
3917 43 44 51 66 99 103 130 192 211 242
1920 43 57
3620 43 50 51 62 64 65 189
3225 43 44 47 51 57
2873 43 44 57 62 65 171
2333 43 66 99
2716 43 44 62 65
2386 43 62 65 66 82
3675 43 57 62 65 66 640
2911 43 62 65
2257 43 57 62 99 163 165 233 315 564
1192 43 44 51 66 139 242 425 564 593
877 43 62 65 102 195
778 43 51 57 64 102 103 105
751 43 47 51 62 134 525 528 552 564
643 43 44 400 552
534 43 47 51 71 73 425 512 552 558 560 564 591 603 638
514 43 280 315 564
373 43 44 51 62 65 66 82 100 102 216 508 564
433 43 552 564
309 43 44 51 299 564
39 43 44 47 51 102 280 315 400 425 536
20 43 66 280 400
4507 44 62 92 178 216
1430 44 62
4046 44 62 216
4072 44 62
3814 44 62
4465 44 126 216 217 564
3872 44 102
3385 44 62 65 132 266 280
3201 44 62 65 66
1231 44 564
702 44 45 51 57 79 102 122 139
841 44 102
4182 45 51 57
1937 45 99 134
3291 45 99 152
3540 45 49 57 139 152 192 216 224
3129 45 57 139
2058 45 49 102
769 45 102
44 45 400 481
4705 46 102
2071 46 183 193 400
526 46 57 62 82 99 100 105 278 400 482 513
1323 47 51 62 65 110 139
4666 47 57 62 65 66 99 105 112 315 457
4712 47 51 62 65 425 558
1935 47 51 57 62 101 102 168 189
2029 47 51 66
3860 47 51 62 66 139
2987 47 50 51 62 102 110 177
3005 47 102 132
2054 47 49 51 57 62 65 71 73 82 404 425 462 463 564
1666 47 564
904 47 50 51 62 65 66 73 82 102 233
417 47 51 134 250 272 353 528 556 558 564
361 47 51 62 65 82 99 102 564
265 47 512 556 557 564
267 47 51 62 65 66 242 564
4648 48 57 62
4602 48 57 92 564 574
4595 48 62
1539 48 62 66 179
1701 48 49 57 92 216
1976 48 57 163
3359 48 49 70 99 216
3496 48 57 134 163 177 180
2738 48 65
2598 48 65
2637 48 102
2162 48 57 62 65 71 72 73 102 177
992 48 62 65 66 99 242 315 564
960 48 95 132 139 400 484
902 48 92 102 142
693 48 57 73 280 564
620 48 62 564
389 48 62 65 66 400
337 48 50 99 100 102 105 363 457 508 564
4654 49 99 457
4650 49 57 62 99 131 216
4513 49 57 83 99 192
4490 49 50 62 66 76 102 105 110 139 172 177 233 315 388 408 482 583
1409 49 66
1482 49 62 65 212 484
1470 49 51 62
4313 49 62 233
1359 49 66 99 266
1520 49 66 178 186
4043 49 62 66 99
4165 49 57 62 130 172 233 631
4160 49 66 216
1568 49 99 152 163
4220 49 51 99 163
4213 49 65 99
4196 49 66 73 192 216 404
3780 49 66
3768 49 99
3984 49 62 65
3674 49 66
3662 49 62 66 95 178 192 256
3721 49 62 216 233
3700 49 66
3694 49 99 216
3679 49 99 272
3966 49 66 139
1892 49 66 480
3834 49 62 65
3247 49 99
3314 49 58 62 66 125 212
3214 49 66
3374 49 62 65 66 202
3373 49 51 62 76 152 216 299 483 564 621
3369 49 66 72 76 103
3256 49 62 65 178 186 216
3531 49 57 62 66 82 178 216
3071 49 50 102 103 124
3123 49 99
3427 49 99
2852 49 102 119 138 142
2831 49 62 65 216
2328 49 51 57 62 65 66 139 242 462
2725 49 65 192
2581 49 62 65 66 233
2337 49 102
2159 49 216 400
1216 49 57 102 118 192 216
1206 49 62 65 178 216 465 559 564
1210 49 62 63 66 99 102 103 118 139
995 49 99 102
982 49 62 212 216 242 266 400
849 49 57 66 130 400 461 501
553 49 62 66 99 102 178 195 216
727 49 70 102 139 152
662 49 100 105 139 216 388 484 513 564
652 49 178 216 564
349 49 62 66 73 99 564
289 49 57 62 102 130 216 400 536 556 557
158 49 99 178 216 400
55 49 400
1308 50 62 65 66 100 179 483
4658 50 62 65
4562 50 66
4491 50 102
4333 50 62 82 100
4384 50 51 62 99
1605 50 66
1600 50 66 110 227
4127 50 102
1785 50 62 66 142 199
3996 50 62 71 125 133 163
3738 50 57 139 233
1879 50 57 62 64 65 66 112 134 220
3793 50 62
3646 50 57 105 125
3914 50 57 62 177 272
1901 50 66
3857 50 57 62 66
2016 50 66
1455 50 62 82 99
3612 50 66 100
3535 50 65 74 142
3490 50 66 73
3075 50 62 65 66 82 99
3445 50 57 66 99
3397 50 62 65
3381 50 315 564
3349 50 102
2847 50 66 102 246 482
2894 50 57 62 66 76 82 99 102
3169 50 57 66 110 132 400
2709 50 62 66 100 110 187 315 388 408 513 564
2984 50 99 100 102 105 110
2697 50 57 71 102
1056 50 102
2062 50 57 62 66 73 102 103 242
2068 50 92 102 110
1661 50 102 110 139
1667 50 57 102 110 177 463
826 50 102
1247 50 57 66 102 110 233 536
1185 50 102 119 163
1176 50 62 99 564
1175 50 62 65 559 564
1174 50 102 501
1189 50 64 65 71 100 102
965 50 57 66 82 102 105 195 203
972 50 102
765 50 102 298 600
833 50 564
875 50 62 66 100 102 124 139
804 50 102 119
664 50 280 564
619 50 65 298 315 564
661 50 564
472 50 100 102 564
510 50 564
464 50 62 65 100 298 315 513 564
455 50 100 110 131 170 195 564
440 50 62 65 152 298 315 388 400 408 463 536 540
419 50 564
377 50 73 102 280 400
348 50 100 315 513 564
330 50 564
200 50 62 64 66 100 103 131 192 272 280 400 463 501 513 564 574
226 50 564
232 50 66 246 564
222 50 57 142 205 298 315 340 350 369 388 408 480 507 517 528 556 557 564 640
157 50 64 65 66 100 110 212 315 327 388 400 463 513 564
109 50 82 100 102 111 132 134 179 288 400 524 527 564 574 674
10 50 63 66 100 102 110 124 134 139 144 179 315 327 353 399 400 513 524 526 543 564 575 597 634 691
4517 51 62 99 315
4717 51 66
4598 51 66
4451 51 57 404
4486 51 57 62 65 66
1478 51 62 65
4407 51 57 82 103 142
4386 51 57 457 564
1584 51 99
4032 51 62 65 66 71 82 99 103 105
4135 51 62 425
1788 51 57 66
1696 51 62 66 99
3749 51 57
3974 51 62
1884 51 57 62 71 99
3727 51 66
3909 51 66
3900 51 57 72 74 76 187 192 202 224 610
4251 51 57 62 99 425
1995 51 62 65
4356 51 57
3289 51 57 62 99 187
3517 51 62 66
2111 51 57 62
2186 51 57 62 82 95 102 545 564
2882 51 99
3394 51 57 62 65 66 82 99
3199 51 62 65 457 465
2951 51 62 65 66 483
2446 51 57 187 425 564
2277 51 62 102 212
2205 51 57 58 62 134 139 233 353 560 564
1246 51 57 62 82 139 327 564
926 51 100 102 105 123
670 51 62 102 105 211
537 51 57 129 315 558 564
734 51 62 65 508 564
688 51 564
575 51 57 315 425 564 644
527 51 71 564
515 51 564
401 51 62 315 425 564
497 51 564 593
467 51 564
283 51 62 298 336 388 564
156 51 95 315 366 400 425 457 465 486 508 559 560 564
15 51 124 163 298 336 366 369 380 390 400 465 473 558 564 654 670
3215 52 57 102 515
1337 52 57 80 102
489 52 203 315 400 515
380 52 57 556 557 564
4549 53 58 66 75 79
4245 53 62 65 72
4139 53 65 483 621
1962 53 57 95
3500 53 57
3390 53 57 99
262 53 134 336 564
214 53 57 105 564
3731 54 57
2090 54 63 500 696
2102 54 63 102
198 54 80 102 564
1412 55 57 66 79 86 339 573
1365 55 57
1587 55 99 134
3345 55 99
338 55 57 62 75 80 82 102 160 174 192 280 400
893 56 139 145 177 315 564
1335 57 63 100 102 139 262 388 399
1327 57 62
1321 57 99
1306 57 163
1300 57 99 102 105 132 177
4683 57 71 95
4680 57 163 240
4668 57 58 153
4660 57 66
1274 57 99
1272 57 131 139 202
1270 57 62 99 179
4646 57 99
4644 57 66 278 463
4634 57 166
4547 57 179
4543 57 62
4541 57 192
4530 57 62
4525 57 62 66
4519 57 62 65 66 139
1454 57 62
1260 57 82
4722 57 62
4614 57 163
4608 57 97 163
4509 57 62 82 110 139
4506 57 62 65
4503 57 73 82
1452 57 62 65 525
1450 57 106 123 176
1442 57 179
4453 57 80
4452 57 62 82 139
4568 57 62 139
4476 57 62 66 103 195
4472 57 82
1488 57 62
1421 57 62 579
1418 57 177
1413 57 82 99
1411 57 62
4448 57 139 142
4430 57 62 65
4353 57 62
4352 57 106 142 207 303 488 629
4339 57 82
4336 57 62
1485 57 581
1477 57 62
1474 57 62 65
1391 57 152 486 574
1381 57 62
1380 57 155
1376 57 122 138
4405 57 129 224 315 461 564
4399 57 139 180
4393 57 99 192
4323 57 628
4307 57 139
1655 57 66 99
1650 57 62 102
1649 57 62 177
1646 57 58
1645 57 99 110 136 156 166
1638 57 82
1370 57 139
1352 57 62
4389 57 165
4380 57 99
4378 57 62
4375 57 62 72 76 99 100 139 177
4371 57 298 369 408
4296 57 163
4291 57 62 139
1521 57 99 139 233
1621 57 62 99
1602 57 62 212
4176 57 62 66 82
4175 57 149
4276 57 216
4271 57 66
1511 57 62
1509 57 62 400
4045 57 91
4041 57 62
4036 57 118 197
1586 57 62
4166 57 139 152 156 180
4147 57 139
4246 57 131
4240 57 71 102 168 536
4234 57 62
1551 57 65 401
1854 57 67
1849 57 105
1840 57 63 455 579 582
1772 57 233
1770 57 216
1768 57 62 163 216
4128 57 62
4107 57 99 110 463
4099 57 62 99
4210 57 99
1839 57 62 99 233
1838 57 62 70
1833 57 62 233 242
1818 57 139
1811 57 62 66
1807 57 62 178
1763 57 62
1742 57 62 189
4098 57 118
4093 57 139 152
4081 57 99
4021 57 403 484
1790 57 110
1727 57 62
1725 57 62 82
3772 57 62
3770 57 393 484 529
4007 57 62
4001 57 163
1715 57 110
1698 57 62 110 177
1693 57 62
1690 57 62
1686 57 82
1683 57 102
3762 57 62
3759 57 82 99 233
3752 57 99
3745 57 216
3735 57 75 142
3658 57 185 560
3655 57 99
4066 57 66
4061 57 105
4058 57 118
4056 57 62
1885 57 139 465
1876 57 163
3723 57 139
3821 57 66
3818 57 62
3806 57 177
3638 57 62 82 99
4467 57 62 163 211 482
4462 57 139
3682 57 171
3680 57 66
3924 57 139
1924 57 122 163 484 552
3967 57 158
3959 57 139
3913 57 82 139 233
3902 57 71 480
3899 57 62
1895 57 62 233
3852 57 139 192
3849 57 404
3845 57 58 65 102 132
3881 57 62
3830 57 95
2046 57 70 115 187 221
2044 57 62
2040 57 366
2036 57 152
4364 57 393
4363 57 99
4362 57 99 355
4360 57 180
4357 57 73 99
3597 57 99
3591 57 62
3586 57 62
3877 57 62
3870 57 62 65
3864 57 62 65 71
3861 57 177 640
2018 57 62 65
3578 57 74
3575 57 62 66
3568 57 408
2012 57 99 139 149 163
2010 57 62 73 139 142 151 158 180
1969 57 139 216
1959 57 139
1955 57 65 66
3331 57 115
3328 57 62 99 110 242
3324 57 62 315 482 564
3322 57 62 65
3558 57 201 293
3552 57 66
3551 57 82
3550 57 71
3241 57 62 65 139
3235 57 62 66 99
1954 57 82 137
1952 57 99
3623 57 134 574
3622 57 62
3316 57 288
3305 57 66 82
3303 57 100
3298 57 299
3378 57 62 66
3363 57 75
3362 57 62 65 66
3297 57 70 179
3279 57 242 273
2144 57 65
3538 57 180 189 292
3270 57 62
3269 57 62
3267 57 66
3263 57 62
3261 57 62 564
3257 57 62 66
2133 57 139
2128 57 62
2127 57 479 584
2110 57 508
4693 57 62 65
4685 57 58 134
3507 57 58
3502 57 62 99
3495 57 408
3480 57 66 242
3147 57 157
3139 57 105
3137 57 99
3085 57 139
3082 57 62 163 484
3079 57 58 100 212 513
3077 57 62 139 152
3479 57 564
3474 57 62 65 66 73 105 508
3469 57 62 66 139 142
3465 57 144
3130 57 62 246
3119 57 233
3118 57 62 72 99 142
3113 57 99
2189 57 99
2188 57 82 99 393
3058 57 66 103
3055 57 96 99 355
3413 57 62 66 103
3411 57 62 66
3409 57 66 115 163 168
3407 57 99
3038 57 66
3037 57 99
3031 57 99
3396 57 99
2198 57 62 65 66
3434 57 99
3383 57 76 99 233
2843 57 99
3179 57 62 65 212 266 507
2326 57 62 65 73
3175 57 62 65 101
2978 57 62 65 99
2961 57 62 65
2913 57 62 65 99
2580 57 65 176
1777 57 102 180
2986 57 564
1063 57 66 102
2350 57 271 298 400
2298 57 102
2424 57 102
2233 57 564
2204 57 177 556 557 564
2222 57 62 66 315 564
2099 57 400 564
1159 57 72 76 102
2086 57 102 139
2101 57 102 131
2103 57 400 536 564
2063 57 315 564
2057 57 66 233 272 400 401 482 558 564
2078 57 99 299 564
1659 57 62 95 99 102 115 132 177 187 536
1948 57 564
1198 57 102 134 159 189
857 57 139 564
1676 57 139 388 404 482 564
944 57 102 108 124 233 388 574
974 57 110 400 524
973 57 66 99 102 103
642 57 62 82 102 139
948 57 67 102 110 142 173 518
994 57 400
978 57 99 102 233
1170 57 62 102 216 485
646 57 66 102 110 139
957 57 102
910 57 102
908 57 564
861 57 224 564
764 57 139 557 558 564
795 57 102
538 57 99 102 574
543 57 187 564
774 57 564
906 57 99 102 131 195 199
787 57 62 65 400 551 556
730 57 102 130 192 203
722 57 315 400
738 57 102
687 57 221 388 564
608 57 62 99 100 272 355 388 400 463 482 513 536 564
618 57 177 272 369 491 564
610 57 564
470 57 82 110 564
587 57 122 400
555 57 62 99 400
581 57 62 66 76 400
580 57 62 65 76 80 102 105 110 131 195 280 400
371 57 62 564
508 57 105 139 195 243 388 400 482
381 57 62 99 564
521 57 564
339 57 564
396 57 62 564
406 57 65 100 102 110 298 315 388 463 564 702
432 57 142 564 640
420 57 512 564
294 57 564
342 57 95 298 564
333 57 400 564
317 57 400
304 57 62 99 272 564
287 57 233 400
280 57 192 564
269 57 99 211 400
215 57 82 99 400 463
110 57 298 400
84 57 66 82 139 166 191 400 484
62 57 82 280 400
64 57 62 65 66 76 177 246 400
74 57 66 99 696
1793 58 99
1739 58 62 66 82 105 212
3816 58 102
2272 58 102
945 58 102
130 58 105 216 233 280 315 400
4053 61 88 99
1332 62 65 66 131
1322 62 66
1312 62 66
1307 62 65
1305 62 65
1303 62 65 163
1298 62 65 66
4682 62 65
4679 62 216 545
4678 62 65 66
4677 62 65
4673 62 99
4664 62 65 76 363 508
4662 62 65 66
4661 62 82
1293 62 65 71
1292 62 99
1290 62 483 621
1289 62 65
1282 62 152 163
1281 62 99
1273 62 65
4657 62 65
4655 62 65
4649 62 186 216
4642 62 298 468 549 564 581 630
4639 62 65 457
4628 62 71
4539 62 65
4537 62 76
4532 62 99
4524 62 220
1259 62 65
1256 62 315
1255 62 142
4716 62 99
4620 62 99 163 192
4619 62 66 99 139 299
4616 62 233
4613 62 65 66
4610 62 66
4601 62 99
4508 62 130 315
4495 62 65 66 103
1448 62 65 66
1440 62 125
4700 62 99 139
4588 62 99
4586 62 65 139
4585 62 80 233
4576 62 65 66
4566 62 71 558
4492 62 66
4478 62 65
4477 62 195
1497 62 65 66 76 130 137
1424 62 66 82 139
1410 62 212
1407 62 66 82
1405 62 65
1403 62 66 72 76
4443 62 99
4442 62 65
4432 62 65
4429 62 99
4424 62 82
4421 62 65 82 103
4349 62 66 82 100 233 462
4347 62 65
4346 62 65
4345 62 66 82 220 242 266 272 536
4337 62 65 99 266 482
4335 62 155
1471 62 65
1467 62 192
1462 62 66 103
1388 62 65
1386 62 65 233
1382 62 139 142 163 216 315 401 404 545 569
1379 62 280
1375 62 266
4414 62 70 404
4413 62 216
4406 62 65 66
4395 62 65 99 233 355 393 579
4392 62 139 249
4328 62 66
4324 62 66 99
4321 62 299
4320 62 65
4319 62 65 66 212
4316 62 139
4308 62 66 242
1647 62 65 97 139 142
1643 62 99 130
1641 62 65 99
1633 62 65
1372 62 66 82
1363 62 102
1360 62 79
1357 62 66
1356 62 66
1355 62 66 189
4383 62 65
4382 62 216
4301 62 82 233
4297 62 99 153
4289 62 65
1540 62 65 82 242 315 403
1534 62 315
1529 62 242
1526 62 65 66 82 139
1522 62 99
1627 62 65
1620 62 65
1618 62 65 71
1609 62 79
4183 62 72 76
4279 62 66 82 99
4262 62 65 76 233
4261 62 65
1516 62 65 100
1512 62 65
1505 62 65 66
4047 62 65
4040 62 99 482
4035 62 73
1590 62 139 484
1579 62 280
4168 62 105
4156 62 65 130
4155 62 65
4152 62 66 99
4150 62 71 273
4141 62 66
4250 62 65
4225 62 139
1565 62 66 105
1563 62 65
1560 62 66 82 103
1546 62 493
4033 62 65
1859 62 71 99
1858 62 65
1857 62 65
1852 62 99
1850 62 66
1842 62 130
1774 62 64 66
1773 62 66 99 103 105
4136 62 65 99
4132 62 65
4129 62 65
4122 62 65 72 76 227
4121 62 64 65
4116 62 103
4115 62 99 163
4111 62 65 66
4109 62 99
4106 62 65 66 99
4103 62 66
4101 62 65 66
4100 62 66 82 103
4222 62 71 76 233
4221 62 393
4219 62 99 163
4207 62 65 249
4204 62 65
4203 62 65
4202 62 379
1829 62 66
1825 62 212
1815 62 65
1814 62 142
1809 62 65 242
1808 62 66 95 99
1759 62 66 189
1753 62 65 66
1749 62 65
1740 62 65
4097 62 105
4094 62 155 299
4086 62 65
4082 62 65
4019 62 220
4016 62 71
1796 62 99
1792 62 65 72 76
1784 62 66
1737 62 82
1733 62 65
1732 62 139
1720 62 99 242 298
1719 62 65 163
1718 62 66 163 299
3788 62 65 66 180 370
3787 62 66
3781 62 65 66
3773 62 99
4000 62 66 155
3995 62 66 71 99 462
3989 62 163
1711 62 65 66 82 139
1702 62 66 212
1694 62 66
1687 62 66
3755 62 66
3753 62 393
3734 62 103
3733 62 99
3981 62 65
3671 62 65
3670 62 65 66 142 152 227
3669 62 66 482
3657 62 66 80
4050 62 65 66
1882 62 65
1880 62 66
1874 62 139 242
1871 62 99
3730 62 65
3724 62 227
3708 62 66
3819 62 142
3807 62 65
3800 62 65 122 298
1946 62 65
1943 62 66 408 564
1868 62 65
3705 62 66
3687 62 65 212 242 266
3683 62 65
3934 62 65
3932 62 66
3931 62 65 66 103 202
3919 62 99
3916 62 65
1925 62 65 66
1922 62 66
1921 62 65 212
3971 62 65 66
3963 62 65
3962 62 99 139 186 203 216 272
3905 62 66 73
3895 62 66
1916 62 65
1908 62 99
1900 62 65
1898 62 65 66 99 103
1896 62 66
3853 62 65 66 100
3850 62 65 66
3847 62 65 233 482
3843 62 65
3842 62 66
3837 62 99
3836 62 66 600
3835 62 65 66 233
3953 62 65
3948 62 66 242 674
3946 62 65
3878 62 65
2048 62 65
2041 62 66 73 99
2037 62 66 99 105 163
4256 62 99
4252 62 99
1997 62 66
1996 62 65
1994 62 66 99 134
3593 62 99
3875 62 65
3874 62 99
3869 62 65
3867 62 99
3863 62 65
3862 62 99
2022 62 99
1977 62 66 131 134 501 556
1975 62 99
3582 62 65
3571 62 66
3566 62 66
3565 62 65
2011 62 66 82
2008 62 65
2006 62 65
2004 62 99 355 482 689
2003 62 65
2001 62 66
1956 62 65
3332 62 65
3562 62 95 100 102
3555 62 66
3546 62 66
1459 62 66
3239 62 65
3234 62 99 242 355
3621 62 65
3616 62 65
3318 62 65
3310 62 65 66 103
3307 62 99
3301 62 65 72 103 139 246
